x,y,v,kappa
-24.532,29.486,1.0,0.0705
-24.433,29.66,0.456,0.1921
-24.339,29.836,0.459,0.245
-24.263,30.02,0.619,-0.1498
-24.182,30.201,0.355,-0.2689
-24.073,30.369,0.593,0.1735
-23.987,30.549,0.372,0.2519
-23.906,30.732,0.564,-0.0316
-23.827,30.916,0.378,-0.2617
-23.734,31.092,0.557,-0.1469
-23.631,31.263,0.384,0.1197
-23.542,31.442,0.555,0.0715
-23.45,31.62,0.389,-0.0881
-23.359,31.798,0.531,-0.2093
-23.258,31.97,0.4,-0.1825
-23.148,32.137,0.561,0.1425
-23.04,32.305,0.388,0.0176
-22.957,32.487,0.539,-0.5057
-22.827,32.638,0.402,-0.2257
-22.7,32.793,0.521,0.2322
-22.581,32.954,0.42,0.1862
-22.472,33.121,0.5,-0.2119
-22.36,33.287,0.531,-0.3567
-22.218,33.427,0.431,0.0654
-22.095,33.584,0.478,0.0013
-21.972,33.74,0.534,-0.3039
-21.83,33.881,0.396,-0.1344
-21.689,34.023,0.55,-0.1047
-21.548,34.165,0.413,-0.3176
-21.395,34.292,0.471,-0.0591
-21.235,34.41,0.544,0.0862
-21.096,34.554,0.401,-0.1947
-20.93,34.664,0.553,0.0317
-20.777,34.792,0.374,0.094
-20.627,34.924,0.607,-0.3779
-20.467,35.043,0.376,-0.3682
-20.289,35.135,0.655,-0.0251
-20.123,35.245,0.377,-0.1202
-19.948,35.343,0.546,-0.2243
-19.769,35.432,0.4,-0.0589
-19.59,35.52,0.536,0.0543
-19.411,35.609,0.471,-0.091
-19.235,35.704,0.429,-0.3542
-19.048,35.774,0.545,-0.2392
-18.858,35.837,0.389,0.0219
-18.669,35.903,0.596,0.0908
-18.482,35.973,0.382,-0.148
-18.295,36.045,0.59,-0.5035
-18.1,36.086,0.475,-0.3398
-17.901,36.111,0.539,0.066
-17.706,36.146,0.404,-0.1424
-17.511,36.186,0.541,-0.1538
-17.311,36.184,0.392,0.2004
-17.119,36.237,0.547,-0.1486
-16.921,36.252,0.379,-0.1688
-16.722,36.266,0.568,0.126
-16.524,36.294,0.376,-0.2239
-16.325,36.314,0.553,-0.5758
-16.126,36.301,0.392,-0.3551
-15.928,36.271,0.542,0.1074
-15.73,36.25,0.381,-0.0625
-15.531,36.246,0.57,-0.2071
-15.339,36.19,0.372,0.1691
-15.14,36.188,0.554,-0.1778
-14.945,36.157,0.386,-0.4002
-14.752,36.103,0.553,0.0099
-14.557,36.06,0.381,-0.0584
-14.361,36.018,0.568,-0.2572
-14.172,35.954,0.422,-0.1334
-13.981,35.895,0.467,-0.1164
-13.793,35.828,0.432,-0.0945
-13.608,35.753,0.491,-0.2844
-13.419,35.688,0.419,-0.3446
-13.256,35.572,0.537,0.1368
-13.071,35.5,0.493,-0.0644
-12.895,35.409,0.452,-0.2928
-12.726,35.303,0.503,-0.0857
-12.552,35.204,0.599,-0.1246
-12.386,35.092,0.384,-0.1068
-12.22,34.982,0.562,-0.1427
-12.056,34.867,0.396,-0.3271
-11.901,34.741,0.587,-0.2885
-11.757,34.602,0.505,0.0582
-11.612,34.465,0.432,0.1778
-11.453,34.344,0.573,-0.1398
-11.304,34.211,0.392,-0.2681
-11.164,34.069,0.547,-0.3002
-11.025,33.925,0.398,-0.2532
-10.91,33.761,0.542,0.0885
-10.776,33.613,0.489,-0.0045
-10.645,33.463,0.439,-0.3096
-10.528,33.301,0.559,-0.2199
-10.419,33.133,0.456,-0.0143
-10.308,32.967,0.539,-0.0199
-10.194,32.802,0.44,-0.1969
-10.091,32.632,0.553,-0.0785
-9.997,32.456,0.49,0.0366
-9.885,32.29,0.573,-0.1928
-9.794,32.112,0.417,-0.1825
-9.705,31.933,0.496,-0.0848
-9.617,31.753,0.527,-0.202
-9.538,31.57,0.39,-0.0379
-9.469,31.382,0.644,0.2481
-9.376,31.205,0.422,0.0266
-9.286,31.027,0.515,-0.1971
-9.21,30.842,0.518,0.0135
-9.13,30.659,0.4,0.1322
-9.043,30.479,0.577,0.0509
-8.956,30.299,0.369,-0.1018
-8.867,30.12,0.646,-0.1407
-8.797,29.933,0.39,0.1125
-8.713,29.752,0.588,0.1536
-8.621,29.574,0.485,-0.1759
-8.536,29.394,0.524,-0.1613
-8.471,29.204,0.542,0.1882
-8.382,29.025,0.448,0.0545
-8.293,28.846,0.513,-0.1973
-8.22,28.66,0.503,0.0453
-8.145,28.476,0.411,0.2402
-8.052,28.298,0.545,-0.0497
-7.961,28.121,0.377,-0.2066
-7.891,27.933,0.561,0.079
-7.807,27.752,0.38,0.1049
-7.719,27.572,0.578,-0.1664
-7.638,27.39,0.408,-0.0775
-7.571,27.202,0.489,0.2204
-7.481,27.023,0.544,0.0275
-7.39,26.845,0.404,-0.2074
-7.319,26.658,0.57,0.0689
-7.241,26.475,0.367,0.2121
-7.148,26.298,0.595,0.0141
-7.06,26.119,0.381,0.0844
-6.974,25.938,0.615,0.4563
-6.867,25.769,0.402,0.653
-6.739,25.617,0.56,0.6258
-6.592,25.482,0.495,0.3011
-6.431,25.363,0.527,0.1618
-6.283,25.229,0.482,0.6118
-6.109,25.132,0.424,0.6137
-5.924,25.058,0.582,0.1193
-5.738,24.985,0.41,0.2464
-5.557,24.905,0.512,0.432
-5.359,24.876,0.579,-0.034
-5.168,24.815,0.391,0.0193
-4.976,24.76,0.547,0.4337
-4.78,24.729,0.402,0.1845
-4.581,24.713,0.544,0.0023
-4.385,24.672,0.474,0.3732
-4.185,24.666,0.412,0.3939
-3.985,24.673,0.557,0.145
-3.786,24.681,0.38,0.2655
-3.587,24.698,0.558,0.4773
-3.391,24.739,0.386,0.3642
-3.2,24.798,0.549,0.1498
-3.008,24.854,0.387,0.2018
-2.82,24.92,0.555,0.3859
-2.636,24.999,0.378,0.6429
-2.464,25.099,0.563,0.7254
-2.316,25.233,0.386,0.5385
-2.173,25.373,0.543,0.3807
-2.052,25.531,0.484,-0.0033
-1.927,25.686,0.412,-0.0312
-1.787,25.828,0.632,0.1194
-1.678,25.995,0.368,-0.1269
-1.538,26.138,0.622,0.0781
-1.413,26.292,0.375,0.1911
-1.298,26.455,0.566,-0.1483
-1.17,26.61,0.372,-0.0318
-1.038,26.759,0.655,0.136
-0.924,26.924,0.368,-0.1521
-0.796,27.075,0.619,-0.0216
-0.661,27.221,0.372,0.0971
-0.552,27.389,0.602,-0.1685
-0.408,27.528,0.514,0.0502
-0.287,27.686,0.432,0.0188
-0.162,27.841,0.601,-0.0093
-0.025,27.985,0.516,0.1059
0.085,28.153,0.464,-0.1377
0.225,28.295,0.537,0.0226
0.349,28.45,0.481,-0.0064
0.472,28.607,0.474,-0.0705
0.614,28.747,0.494,0.3239
0.728,28.912,0.446,0.2555
0.84,29.078,0.485,0.0049
0.952,29.243,0.535,0.0192
1.065,29.408,0.393,0.3163
1.173,29.576,0.58,0.4827
1.245,29.763,0.38,0.2424
1.327,29.945,0.565,0.2389
1.39,30.134,0.424,0.2779
1.446,30.326,0.57,0.4068
1.493,30.519,0.371,0.3734
1.5,30.719,0.609,-0.2145
1.538,30.915,0.368,-0.2116
1.589,31.108,0.554,0.4342
1.617,31.305,0.414,0.8561
1.608,31.504,0.58,0.4576
1.561,31.698,0.385,-0.0581
1.555,31.898,0.576,0.1223
1.515,32.092,0.511,-0.0517
1.483,32.287,0.429,-0.0997
1.477,32.486,0.607,0.4237
1.427,32.68,0.401,0.3378
1.372,32.872,0.541,0.1538
1.317,33.064,0.445,0.3384
1.244,33.25,0.557,0.3224
1.156,33.43,0.398,0.1009
1.069,33.61,0.574,0.1563
0.98,33.789,0.373,0.2289
0.872,33.956,0.545,0.0027
0.773,34.13,0.425,-0.0029
0.674,34.303,0.522,-0.0216
0.566,34.471,0.6,-0.0793
0.479,34.652,0.43,0.0456
0.37,34.819,0.497,-0.0351
0.278,34.996,0.538,0.067
0.179,35.169,0.391,0.1892
0.068,35.336,0.559,-0.1024
-0.038,35.505,0.384,-0.1333
-0.128,35.684,0.549,0.1365
-0.237,35.851,0.478,0.0477
-0.343,36.021,0.517,-0.1114
-0.443,36.194,0.512,0.0511
-0.543,36.367,0.557,0.0594
-0.655,36.532,0.471,-0.1186
-0.75,36.708,0.526,0.0149
-0.852,36.88,0.611,0.1335
-0.96,37.048,0.386,-0.1121
-1.067,37.217,0.603,-0.1264
-1.155,37.397,0.372,0.1909
-1.264,37.564,0.606,0.0736
-1.375,37.73,0.42,-0.2158
-1.471,37.905,0.539,-0.0092
-1.566,38.081,0.561,0.2158
-1.677,38.247,0.381,-0.0565
-1.786,38.414,0.573,-0.1942
-1.876,38.593,0.391,0.0594
-1.98,38.763,0.546,0.029
-2.082,38.935,0.392,0.0095
-2.178,39.11,0.562,0.0544
-2.29,39.276,0.409,-0.0908
-2.383,39.453,0.5,0.0456
-2.486,39.624,0.577,0.1305
-2.595,39.792,0.378,-0.1296
-2.699,39.962,0.6,-0.1063
-2.788,40.141,0.379,0.0522
-2.898,40.308,0.586,-0.0285
-2.989,40.486,0.376,0.075
-3.092,40.657,0.58,0.1178
-3.201,40.825,0.388,-0.1106
-3.304,40.996,0.632,-0.143
-3.397,41.173,0.404,0.0293
-3.495,41.347,0.523,0.0366
-3.597,41.52,0.525,-0.0614
-3.692,41.695,0.423,0.0737
-3.789,41.87,0.477,0.2214
-3.899,42.037,0.524,-0.0348
-4.011,42.203,0.409,-0.2351
-4.1,42.381,0.549,-0.0192
-4.2,42.554,0.505,0.039
-4.3,42.728,0.412,0.0649
-4.395,42.903,0.576,0.0566
-4.508,43.069,0.411,-0.0719
-4.598,43.247,0.567,0.0308
-4.706,43.415,0.392,-0.0251
-4.805,43.588,0.568,-0.0512
-4.9,43.764,0.5,-0.0244
-5.005,43.934,0.42,-0.0332
-5.092,44.114,0.533,0.0991
-5.201,44.282,0.402,-0.0003
-5.297,44.457,0.546,0.0317
-5.396,44.63,0.372,0.107
-5.506,44.797,0.549,-0.0708
-5.606,44.97,0.391,-0.1271
-5.706,45.143,0.558,-0.0404
-5.799,45.32,0.472,0.129
-5.9,45.493,0.544,0.1853
-6.01,45.66,0.435,-0.1006
-6.12,45.827,0.549,-0.2011
-6.206,46.007,0.516,0.0277
-6.311,46.177,0.478,0.0145
-6.406,46.353,0.534,0.0695
-6.505,46.526,0.482,0.1453
-6.616,46.692,0.494,-0.0835
-6.719,46.863,0.399,-0.075
-6.815,47.039,0.565,0.0759
-6.923,47.207,0.379,-0.0456
-7.023,47.38,0.56,-0.0154
-7.12,47.554,0.379,-0.0107
-7.23,47.721,0.563,-0.0983
-7.316,47.902,0.378,0.1604
-7.423,48.07,0.56,0.1315
-7.534,48.237,0.387,-0.1964
-7.634,48.409,0.539,-0.0638
-7.724,48.587,0.482,0.2165
-7.836,48.753,0.541,-0.0043
-7.945,48.921,0.435,-0.1867
-8.039,49.097,0.547,0.0659
-8.14,49.269,0.508,0.1257
-8.25,49.436,0.477,-0.0961
-8.352,49.608,0.522,-0.0469
-8.448,49.784,0.518,0.1045
-8.558,49.951,0.424,-0.0384
-8.66,50.122,0.636,-0.0665
-8.758,50.296,0.37,0.1233
-8.863,50.467,0.584,-0.0036
-8.976,50.632,0.389,-0.1802
-9.066,50.81,0.536,0.077
-9.169,50.982,0.392,0.1634
-9.279,51.148,0.53,-0.1589
-9.384,51.318,0.422,-0.1276
-9.47,51.499,0.502,0.2213
-9.581,51.665,0.524,0.0606
-9.691,51.832,0.437,-0.2156
-9.787,52.007,0.522,-0.0094
-9.883,52.181,0.487,0.05
-9.992,52.349,0.414,-0.0295
-10.082,52.528,0.561,0.089
-10.193,52.694,0.399,-0.0122
-10.293,52.867,0.532,-0.0465
-10.392,53.041,0.391,0.1375
-10.498,53.21,0.548,-0.0314
-10.61,53.376,0.391,-0.1855
-10.698,53.555,0.55,0.1086
-10.803,53.726,0.382,0.1505
-10.913,53.892,0.562,-0.1764
-11.016,54.063,0.385,-0.1054
-11.104,54.242,0.545,0.0718
-11.214,54.409,0.477,-0.029
-11.304,54.588,0.436,0.0874
-11.409,54.757,0.536,0.0983
-11.517,54.926,0.485,-0.1158
-11.618,55.098,0.438,0.0003
-11.714,55.274,0.484,0.0764
-11.826,55.439,0.542,-0.081
-11.921,55.615,0.41,-0.0121
-12.024,55.786,0.543,-0.0416
-12.127,55.957,0.484,-0.0551
-12.215,56.136,0.404,0.0536
-12.325,56.303,0.56,-0.0315
-12.414,56.482,0.382,0.1077
-12.518,56.652,0.557,0.1347
-12.628,56.82,0.382,-0.1163
-12.731,56.991,0.562,-0.156
-12.826,57.167,0.381,0.0032
-12.922,57.342,0.548,0.0486
-13.024,57.514,0.485,-0.0509
-13.119,57.69,0.514,0.068
-13.215,57.865,0.545,0.2245
-13.326,58.031,0.453,-0.0367
-13.437,58.198,0.488,-0.2356
-13.528,58.376,0.556,-0.0158
-13.627,58.549,0.407,0.0435
-13.728,58.722,0.538,-0.0618
-13.823,58.898,0.498,0.0314
-13.919,59.073,0.419,0.0338
-14.023,59.244,0.523,-0.0571
-14.115,59.421,0.392,0.0513
-14.215,59.594,0.569,0.0016
-14.318,59.765,0.39,0.002
-14.408,59.944,0.58,0.19
-14.52,60.109,0.498,0.0064
-14.626,60.278,0.449,-0.1794
-14.725,60.452,0.509,-0.0795
-14.82,60.628,0.578,0.0584
-14.918,60.803,0.387,-0.0066
-15.022,60.973,0.56,-0.0594
-15.11,61.153,0.51,0.0761
-15.216,61.322,0.486,-0.0062
-15.313,61.497,0.559,0.0198
-15.408,61.672,0.502,0.0498
-15.518,61.839,0.516,-0.0363
-15.608,62.018,0.471,0.0526
-15.718,62.184,0.571,-0.0289
-15.815,62.359,0.384,-0.008
-15.914,62.532,0.552,-0.0252
-16.02,62.701,0.41,-0.0751
-16.107,62.881,0.491,0.0684
-16.216,63.049,0.511,-0.0459
-16.309,63.226,0.491,-0.0523
-16.405,63.401,0.406,0.0802
-16.505,63.575,0.569,0.1282
-16.605,63.747,0.418,0.031
-16.717,63.913,0.48,-0.1126
-16.81,64.09,0.399,0.0029
-16.915,64.26,0.467,-0.0457
-17.014,64.433,0.437,-0.0281
-17.105,64.611,0.542,0.0419
-17.215,64.778,0.395,-0.0467
-17.302,64.958,0.541,0.1367
-17.409,65.126,0.402,0.1023
-17.517,65.294,0.53,-0.135
-17.618,65.467,0.5,0.0024
-17.715,65.642,0.477,0.1074
-17.827,65.807,0.504,-0.0713
-17.926,65.981,0.581,-0.1094
-18.027,66.154,0.398,-0.0628
-18.123,66.329,0.544,0.0527
-18.217,66.505,0.424,0.2245
-18.327,66.672,0.494,-0.0079
-18.439,66.838,0.511,-0.2248
-18.53,67.016,0.408,0.0099
-18.629,67.189,0.556,0.038
-18.734,67.359,0.501,-0.1092
-18.825,67.537,0.43,0.025
-18.923,67.711,0.644,0.1499
-19.024,67.884,0.369,0.145
-19.133,68.052,0.586,0.1324
-19.244,68.218,0.395,0.3182
-19.36,68.38,0.507,1.0923
-19.502,68.52,0.498,1.5646
-19.696,68.569,0.405,0.552
-19.888,68.627,0.576,0.1404
-20.08,68.68,0.376,0.572
-20.276,68.711,0.585,0.7572
-20.476,68.701,0.379,0.5317
-20.674,68.676,0.602,0.4646
-20.871,68.637,0.371,0.5146
-21.058,68.569,0.594,0.4831
-21.244,68.494,0.388,0.7879
-21.41,68.391,0.529,0.8242
-21.549,68.248,0.454,0.2634
-21.692,68.107,0.56,0.11
-21.832,67.965,0.388,0.3382
-21.959,67.811,0.565,0.2597
-22.074,67.647,0.379,-0.1107
-22.196,67.489,0.576,-0.1524
-22.33,67.34,0.403,0.1667
-22.451,67.182,0.565,0.2447
-22.564,67.017,0.376,0.0853
-22.675,66.851,0.577,0.0032
-22.788,66.685,0.39,-0.0139
-22.899,66.519,0.536,-0.1555
-23.014,66.355,0.415,-0.3603
-23.143,66.203,0.493,-0.3026
-23.284,66.061,0.546,-0.0932
-23.423,65.918,0.421,-0.1387
-23.565,65.777,0.507,-0.3572
-23.719,65.65,0.488,-0.4161
-23.883,65.537,0.412,-0.3496
-24.055,65.434,0.535,-0.356
-24.233,65.342,0.504,-0.5002
-24.418,65.267,0.566,-0.495
-24.612,65.222,0.469,-0.1182
-24.806,65.176,0.53,0.0435
-24.998,65.119,0.607,-0.3498
-25.193,65.077,0.425,-0.4174
-25.393,65.072,0.499,-0.109
-25.591,65.044,0.562,-0.3575
-25.787,65.042,0.39,-0.3457
-25.985,65.066,0.531,-0.2345
-26.185,65.067,0.392,-0.3164
-26.376,65.126,0.556,0.1493
-26.574,65.14,0.42,-0.0169
-26.771,65.163,0.502,-0.5642
-26.964,65.216,0.514,-0.3876
-27.15,65.288,0.492,-0.1535
-27.34,65.352,0.406,-0.3375
-27.521,65.436,0.551,-0.5241
-27.693,65.537,0.387,-0.5032
-27.853,65.657,0.553,-0.2229
-28.003,65.789,0.384,-0.038
-28.164,65.907,0.556,-0.2451
-28.308,66.045,0.383,-0.2234
-28.449,66.187,0.557,-0.0331
-28.59,66.329,0.385,-0.0021
-28.731,66.471,0.55,-0.1382
-28.872,66.613,0.395,-0.3617
-28.996,66.769,0.528,-0.3347
-29.11,66.933,0.412,-0.1694
-29.22,67.1,0.517,-0.0438
-29.326,67.27,0.512,0.0523
-29.438,67.436,0.421,-0.04
-29.549,67.602,0.553,-0.2596
-29.65,67.774,0.438,-0.3808
-29.735,67.955,0.554,-0.0878
-29.808,68.141,0.42,0.0993
-29.909,68.313,0.511,-0.133
-29.98,68.5,0.516,-0.0491
-30.064,68.68,0.496,-0.1085
-30.145,68.862,0.553,-0.356
-30.203,69.054,0.462,-0.1746
-30.258,69.246,0.495,-0.0443
-30.316,69.438,0.5,-0.0722
-30.364,69.632,0.437,0.0024
-30.417,69.824,0.476,-0.0952
-30.47,70.017,0.542,-0.3831
-30.504,70.214,0.402,-0.3101
-30.516,70.413,0.543,0.0267
-30.542,70.612,0.482,0.0202
-30.567,70.81,0.406,-0.2253
-30.583,71.009,0.556,0.1005
-30.582,71.209,0.378,0.354
-30.639,71.4,0.575,-0.3068
-30.651,71.598,0.385,-0.4916
-30.649,71.798,0.503,-0.3348
-30.642,71.998,0.474,-0.28
-30.604,72.194,0.426,0.1639
-30.589,72.393,0.556,0.2027
-30.586,72.593,0.501,-0.3333
-30.569,72.79,0.407,-0.1874
-30.516,72.982,0.614,0.1864
-30.52,73.182,0.413,-0.2601
-30.474,73.375,0.512,-0.221
-30.43,73.57,0.514,0.1062
-30.397,73.767,0.498,-0.3378
-30.357,73.962,0.406,-0.4702
-30.268,74.141,0.547,0.1387
-30.213,74.333,0.393,0.1599
-30.159,74.526,0.546,-0.2972
-30.092,74.714,0.385,-0.5476
-30.005,74.893,0.559,-0.2254
-29.893,75.059,0.38,0.2279
-29.82,75.245,0.56,-0.1028
-29.725,75.421,0.38,-0.3502
-29.619,75.59,0.564,-0.1558
-29.508,75.757,0.374,-0.2057
-29.397,75.922,0.569,-0.181
-29.265,76.073,0.375,-0.0076
-29.152,76.237,0.562,-0.1857
-29.021,76.387,0.37,-0.0145
-28.885,76.532,0.65,0.1384
-28.776,76.7,0.376,-0.3051
-28.635,76.841,0.608,-0.2699
-28.493,76.982,0.385,-0.0042
-28.351,77.123,0.539,-0.0702
-28.21,77.264,0.519,-0.2141
-28.06,77.397,0.43,-0.1637
-27.903,77.521,0.605,0.0415
-27.751,77.651,0.379,0.0161
-27.601,77.783,0.584,-0.2276
-27.444,77.907,0.476,-0.2808
-27.277,78.016,0.51,-0.184
-27.11,78.127,0.516,-0.1885
-26.936,78.224,0.519,-0.0307
-26.761,78.321,0.57,-0.1403
-26.594,78.428,0.43,-0.229
-26.404,78.493,0.604,0.153
-26.236,78.6,0.518,-0.0215
-26.057,78.688,0.464,-0.2389
-25.874,78.769,0.505,-0.1544
-25.692,78.85,0.563,-0.2293
-25.503,78.916,0.43,-0.1982
-25.313,78.977,0.583,-0.1203
-25.121,79.033,0.493,-0.0645
-24.928,79.086,0.444,0.0099
-24.735,79.141,0.49,-0.0457
-24.543,79.197,0.526,-0.1678
-24.348,79.241,0.495,-0.2243
-24.152,79.281,0.408,-0.1639
-23.954,79.306,0.54,0.0742
-23.758,79.34,0.4,-0.1277
-23.564,79.382,0.517,-0.1841
-23.364,79.378,0.467,0.1953
-23.172,79.429,0.509,-0.2107
-22.974,79.446,0.513,-0.4375
-22.774,79.444,0.546,0.2981
-22.575,79.446,0.452,0.4293
-22.385,79.507,0.504,-0.3875
-22.186,79.511,0.575,-0.4815
-21.986,79.51,0.393,-0.4319
-21.788,79.5,0.586,-0.2846
-21.596,79.444,0.512,0.4311
-21.396,79.445,0.42,0.2505
-21.196,79.446,0.544,-0.3436
-20.998,79.43,0.431,-0.2088
-20.802,79.393,0.499,0.0839
-20.602,79.382,0.58,-0.0343
-20.404,79.353,0.406,-0.0916
-20.206,79.329,0.543,-0.1948
-20.009,79.298,0.37,-0.3687
-19.816,79.245,0.584,-0.0164
-19.625,79.186,0.382,0.3299
-19.427,79.158,0.561,-0.0427
-19.23,79.125,0.402,-0.5578
-19.041,79.065,0.551,-0.3125
-18.861,78.981,0.407,0.2178
-18.669,78.925,0.503,0.1385
-18.477,78.867,0.521,-0.1907
-18.287,78.804,0.485,-0.2851
-18.104,78.725,0.508,-0.086
-17.923,78.642,0.552,-0.0392
-17.736,78.57,0.445,-0.2053
-17.561,78.474,0.531,-0.1766
-17.382,78.386,0.531,-0.2215
-17.211,78.281,0.499,-0.1531
-17.045,78.171,0.472,0.1831
-16.874,78.067,0.509,-0.025
-16.694,77.981,0.528,-0.5305
-16.542,77.851,0.509,-0.2146
-16.389,77.722,0.447,0.1801
-16.228,77.605,0.503,-0.1328
-16.067,77.487,0.548,-0.1802
-15.928,77.343,0.503,0.1301
-15.764,77.23,0.412,-0.0936
-15.615,77.097,0.554,-0.1602
-15.469,76.96,0.386,0.1193
-15.317,76.83,0.597,0.0084
-15.162,76.705,0.381,-0.2211
-15.019,76.565,0.589,-0.1471
-14.878,76.424,0.498,-0.0094
-14.736,76.282,0.451,0.0007
-14.595,76.141,0.496,0.0007
-14.453,75.999,0.542,-0.0779
-14.311,75.858,0.384,-0.3357
-14.18,75.709,0.561,-0.3224
-14.07,75.542,0.393,0.105
-13.946,75.385,0.53,0.1475
-13.814,75.235,0.49,-0.1739
-13.694,75.076,0.419,-0.1738
-13.581,74.911,0.549,-0.0423
-13.463,74.749,0.415,-0.0632
-13.352,74.582,0.499,-0.0265
-13.24,74.417,0.541,0.0218
-13.127,74.252,0.481,0.0057
-13.015,74.087,0.526,-0.0103
-12.902,73.921,0.439,-0.0528
-12.79,73.755,0.495,-0.0466
-12.683,73.586,0.583,0.0228
-12.573,73.42,0.388,0.0175
-12.461,73.254,0.574,-0.0287
-12.352,73.086,0.375,-0.0223
-12.244,72.918,0.584,0.0093
-12.135,72.75,0.369,-0.0129
-12.025,72.583,0.596,-0.0802
-11.92,72.413,0.383,-0.0018
-11.816,72.242,0.59,0.1157
-11.704,72.076,0.422,-0.0524
-11.593,71.911,0.516,-0.1767
-11.497,71.735,0.506,0.0407
-11.393,71.565,0.417,0.1459
-11.283,71.397,0.538,0.0622
-11.173,71.23,0.5,-0.007
-11.061,71.065,0.456,-0.0403
-10.954,70.896,0.542,0.0216
-10.844,70.729,0.504,0.0074
-10.733,70.563,0.506,-0.2079
-10.627,70.393,0.474,-0.1471
-10.54,70.213,0.544,0.2011
-10.43,70.046,0.406,0.1784
-10.319,69.88,0.532,0.0176
-10.208,69.714,0.388,-0.0008
-10.096,69.548,0.562,-0.0094
-9.986,69.381,0.376,0.0039
-9.875,69.215,0.569,-0.1164
-9.764,69.048,0.402,-0.2361
-9.669,68.873,0.482,0.0033
-9.574,68.697,0.536,0.238
-9.463,68.531,0.405,0.1265
-9.351,68.365,0.548,-0.0117
-9.24,68.199,0.393,-0.0315
-9.13,68.032,0.589,0.0066
-9.02,67.865,0.498,0.0176
-8.909,67.699,0.471,-0.0148
-8.799,67.532,0.501,-0.1243
-8.689,67.365,0.58,-0.1696
-8.594,67.189,0.376,0.0682
-8.492,67.017,0.633,0.1919
-8.38,66.851,0.429,-0.0026
-8.269,66.685,0.51,-0.074
-8.167,66.513,0.526,0.0479
-8.056,66.347,0.408,0.0398
-7.946,66.179,0.532,-0.0186
-7.838,66.011,0.393,0.0157
-7.729,65.844,0.554,-0.0332
-7.617,65.678,0.375,-0.0721
-7.516,65.506,0.621,0.0557
-7.407,65.338,0.359,0.0567
-7.295,65.172,0.637,-0.1598
-7.188,65.003,0.396,-0.1169
-7.096,64.826,0.551,0.1522
-6.986,64.659,0.426,0.1236
-6.877,64.491,0.478,0.0086
-6.767,64.324,0.539,0.0271
-6.656,64.158,0.393,0.0042
-6.544,63.992,0.55,-0.0172
-6.434,63.825,0.39,0.0114
-6.323,63.659,0.55,0.0137
-6.212,63.493,0.386,-0.0426
-6.1,63.326,0.556,-0.2297
-5.995,63.157,0.382,-0.1604
-5.91,62.976,0.561,0.2255
-5.8,62.809,0.386,0.2071
-5.688,62.643,0.546,0.0055
-5.576,62.477,0.476,-0.0444
-5.466,62.311,0.438,-0.0231
-5.359,62.142,0.537,0.0357
-5.246,61.976,0.489,0.0032
-5.136,61.809,0.412,-0.0636
-5.026,61.642,0.627,-0.1579
-4.922,61.471,0.387,-0.0556
-4.828,61.295,0.617,0.1917
-4.716,61.129,0.52,0.1366
-4.604,60.964,0.473,-0.0479
-4.492,60.798,0.507,-0.1446
-4.386,60.629,0.595,-0.0557
-4.287,60.456,0.425,0.1047
-4.176,60.289,0.51,0.0547
-4.067,60.121,0.543,0.0024
-3.958,59.953,0.411,0.0261
-3.847,59.787,0.531,-0.0217
-3.737,59.62,0.413,-0.0224
-3.63,59.451,0.481,0.0489
-3.518,59.285,0.551,-0.0698
-3.407,59.119,0.401,-0.225
-3.31,58.945,0.548,-0.0207
-3.215,58.769,0.388,0.2056
-3.105,58.603,0.593,0.1228
-2.994,58.436,0.382,0.0152
-2.882,58.27,0.592,-0.0097
-2.771,58.104,0.472,-0.0495
-2.661,57.937,0.543,-0.221
-2.555,57.768,0.393,-0.1496
-2.47,57.586,0.651,0.2217
-2.36,57.42,0.378,0.1929
-2.249,57.253,0.623,0.0104
-2.138,57.087,0.375,0.0049
-2.026,56.921,0.558,-0.0009
-1.915,56.755,0.392,-0.0088
-1.804,56.589,0.544,-0.1196
-1.693,56.422,0.433,-0.2267
-1.598,56.247,0.513,-0.0013
-1.503,56.071,0.596,0.2206
-1.392,55.905,0.397,0.118
-1.282,55.738,0.545,0.0165
-1.17,55.572,0.515,-0.0872
-1.059,55.406,0.45,-0.2368
-0.96,55.232,0.511,-0.0549
-0.869,55.055,0.587,0.2354
-0.758,54.889,0.383,0.1325
-0.646,54.723,0.567,-0.0228
-0.537,54.555,0.396,0.0117
-0.426,54.389,0.536,0.0042
-0.314,54.223,0.382,-0.1977
-0.206,54.055,0.569,-0.1874
-0.119,53.875,0.373,0.1603
-0.012,53.706,0.559,0.1806
0.098,53.539,0.391,0.0369
0.208,53.372,0.543,0.0216
0.32,53.206,0.392,-0.1727
0.43,53.04,0.547,-0.2173
0.518,52.86,0.452,0.1292
0.623,52.69,0.516,0.2142
0.734,52.524,0.418,0.0052
0.845,52.357,0.56,-0.0246
0.951,52.188,0.376,0.0455
1.064,52.023,0.578,-0.0702
1.174,51.856,0.396,-0.2047
1.273,51.682,0.513,-0.0126
1.369,51.508,0.502,0.1596
1.48,51.341,0.459,0.0775
1.586,51.172,0.517,0.0375
1.698,51.006,0.594,0.0159
1.809,50.839,0.416,-0.0407
1.918,50.672,0.506,-0.1558
2.025,50.503,0.539,-0.0991
2.117,50.325,0.385,0.1284
2.228,50.159,0.571,0.0765
2.334,49.989,0.394,0.0185
2.441,49.821,0.511,0.0477
2.552,49.655,0.441,0.0042
2.662,49.487,0.54,-0.0813
2.772,49.32,0.404,-0.1173
2.87,49.146,0.543,0.0261
2.976,48.976,0.378,0.0422
3.083,48.808,0.564,0.0076
3.185,48.636,0.37,0.0944
3.296,48.47,0.578,-0.0182
3.407,48.303,0.373,-0.1373
3.507,48.13,0.566,0.0303
3.61,47.959,0.374,0.149
3.722,47.793,0.568,-0.0457
3.834,47.627,0.381,-0.1383
3.931,47.453,0.551,0.0742
4.039,47.284,0.389,0.0993
4.15,47.118,0.553,-0.0818
4.258,46.949,0.38,-0.0451
4.358,46.777,0.566,0.1161
4.47,46.611,0.377,-0.0025
4.582,46.445,0.557,-0.1687
4.682,46.272,0.391,-0.0106
4.782,46.099,0.536,0.1362
4.892,45.932,0.397,0.0787
5.001,45.765,0.548,0.0028
5.114,45.599,0.383,-0.0367
5.221,45.431,0.561,0.0072
5.33,45.263,0.38,0.0466
5.442,45.097,0.56,-0.165
5.552,44.931,0.382,-0.2171
5.639,44.75,0.557,0.1343
5.745,44.581,0.383,0.208
5.856,44.414,0.557,0.0502
5.967,44.248,0.384,0.0037
6.079,44.082,0.555,-0.013
6.189,43.915,0.384,0.0027
6.3,43.749,0.559,-0.0745
6.411,43.583,0.379,-0.2358
6.511,43.41,0.562,-0.0757
6.601,43.232,0.377,0.2345
6.711,43.065,0.572,0.1541
6.823,42.899,0.369,-0.003
6.933,42.732,0.563,0.007
7.044,42.566,0.391,0.0041
7.156,42.4,0.536,-0.0195
7.267,42.234,0.399,-0.0188
7.377,42.066,0.53,-0.0866
7.487,41.899,0.398,-0.1728
7.585,41.726,0.561,0.007
7.682,41.551,0.399,0.2026
7.794,41.386,0.516,0.0469
7.906,41.22,0.524,-0.0827
8.01,41.049,0.418,0.0247
8.119,40.881,0.643,0.0524
8.229,40.714,0.377,0.0054
8.338,40.547,0.562,-0.0845
8.449,40.38,0.376,-0.1053
8.546,40.206,0.568,0.0877
8.655,40.038,0.375,0.0984
8.766,39.872,0.562,-0.1187
8.874,39.703,0.382,-0.0866
8.97,39.528,0.556,0.1153
9.081,39.361,0.383,0.0799
9.19,39.194,0.561,0.0003
9.299,39.026,0.375,0.0294
9.409,38.859,0.569,-0.0084
9.521,38.694,0.426,-0.0279
9.628,38.524,0.508,0.033
9.739,38.358,0.25,-0.0491
9.851,38.192,0.504,-0.2263
9.951,38.02,0.566,-0.0686
10.042,37.842,0.469,0.2126
10.153,37.675,0.523,0.1477
10.263,37.509,0.529,0.0138
10.375,37.343,0.39,-0.002
10.486,37.177,0.555,-0.0052
10.597,37.01,0.382,-0.0022
10.709,36.844,0.579,-0.1638
10.819,36.678,0.384,-0.2315
10.908,36.499,0.546,0.0929
11.009,36.327,0.415,0.2349
11.12,36.161,0.54,0.0601
11.231,35.994,0.418,-0.0065
11.341,35.827,0.498,0.018
11.453,35.661,0.532,-0.0034
11.564,35.495,0.433,-0.0578
11.674,35.328,0.486,-0.2015
11.779,35.158,0.537,-0.1143
11.867,34.979,0.388,0.1887
11.978,34.812,0.56,0.1367
12.087,34.644,0.413,0.0206
12.197,34.477,0.477,0.0129
12.309,34.311,0.544,-0.1893
12.417,34.144,0.395,-0.1767
12.504,33.964,0.541,0.1533
12.613,33.796,0.41,0.163
12.721,33.628,0.492,0.0341
12.831,33.461,0.531,0.03
12.943,33.295,0.402,-0.1639
13.054,33.128,0.551,-0.2117
13.142,32.949,0.404,0.1101
13.247,32.779,0.483,0.1817
13.356,32.612,0.538,0.0472
13.465,32.444,0.405,-0.1543
13.577,32.278,0.55,-0.2084
13.662,32.097,0.39,0.144
13.769,31.928,0.592,0.2104
13.879,31.761,0.408,0.0429
13.99,31.595,0.51,0.0108
14.102,31.429,0.582,-0.1762
14.212,31.263,0.422,-0.2334
14.3,31.083,0.501,0.1119
14.403,30.912,0.54,0.2299
14.514,30.746,0.395,0.059
14.625,30.579,0.534,-0.1908
14.736,30.413,0.477,-0.2261
14.82,30.232,0.541,0.1514
14.926,30.062,0.436,0.2175
15.037,29.896,0.552,0.018
15.147,29.729,0.513,-0.1903
15.256,29.561,0.481,-0.1786
15.341,29.381,0.538,0.1735
15.45,29.213,0.396,0.1721
15.56,29.046,0.54,-0.0175
15.669,28.878,0.403,-0.1714
15.776,28.71,0.526,-0.1388
15.863,28.53,0.409,0.1926
15.973,28.362,0.528,0.1776
16.084,28.197,0.474,-0.0672
16.194,28.029,0.425,-0.2005
16.296,27.858,0.567,-0.0734
16.388,27.68,0.394,0.2057
16.498,27.513,0.526,0.1283
16.61,27.347,0.54,-0.0533
16.718,27.179,0.427,-0.0039
16.825,27.01,0.592,0.062
16.937,26.844,0.418,-0.1213
17.048,26.678,0.508,-0.215
17.139,26.5,0.575,0.0877
17.242,26.329,0.386,0.209
17.353,26.163,0.559,0.0295
17.465,25.997,0.47,-0.0272
17.572,25.828,0.535,0.0396
17.684,25.662,0.398,0.0324
17.795,25.496,0.606,-0.0637
17.907,25.33,0.385,-0.2406
18.01,25.16,0.563,-0.1296
18.097,24.979,0.488,0.2319
18.207,24.813,0.433,0.1873
18.319,24.647,0.542,0.0141
18.43,24.481,0.474,0.0098
18.543,24.315,0.495,0.0038
18.655,24.15,0.526,-0.0559
18.767,23.984,0.403,-0.0766
18.872,23.814,0.64,0.0219
18.981,23.646,0.358,0.0381
19.091,23.479,0.673,-0.0206
19.2,23.312,0.395,-0.0174
19.309,23.144,0.543,0.0023
19.417,22.976,0.482,0.0106
19.526,22.808,0.425,0.0156
19.635,22.64,0.549,0.0179
19.745,22.473,0.381,0.0186
19.856,22.307,0.583,0.0175
19.967,22.141,0.37,0.0141
20.079,21.975,0.578,0.0107
20.191,21.809,0.41,0.0083
20.304,21.644,0.548,0.0064
20.416,21.478,0.487,0.0041
20.529,21.313,0.555,0.0013
20.642,21.148,0.444,-0.0013
20.755,20.983,0.528,-0.0034
20.867,20.818,0.526,-0.0057
20.98,20.652,0.434,-0.0088
21.092,20.486,0.491,-0.0119
21.203,20.321,0.516,-0.0137
21.315,20.154,0.414,-0.0153
21.425,19.988,0.528,-0.0172
21.536,19.821,0.478,-0.0183
21.645,19.654,0.538,-0.0057
21.754,19.486,0.435,-0.0513
21.864,19.319,0.563,-0.1293
21.966,19.147,0.5,0.0027
22.065,18.974,0.524,0.1714
22.177,18.808,0.427,0.1004
22.29,18.643,0.539,0.0057
22.403,18.478,0.391,-0.0028
22.515,18.312,0.573,-0.0054
22.628,18.147,0.368,-0.0079
22.74,17.981,0.575,-0.0112
22.852,17.816,0.413,-0.0142
22.963,17.649,0.522,-0.0159
23.074,17.483,0.504,-0.0172
23.184,17.316,0.422,-0.0182
23.294,17.149,0.529,-0.0157
23.403,16.981,0.395,0.0027
23.511,16.813,0.53,-0.0305
23.622,16.646,0.502,-0.1037
23.725,16.475,0.412,0.0008
23.826,16.303,0.566,0.1475
23.938,16.137,0.42,0.0866
24.051,15.972,0.504,0.0023
24.164,15.807,0.511,-0.0052
24.276,15.641,0.502,-0.0084
24.388,15.476,0.42,-0.0144
24.5,15.31,0.608,-0.1864
24.611,15.144,0.382,-0.2385
24.698,14.964,0.546,0.1128
24.801,14.793,0.394,0.2358
24.912,14.626,0.562,0.0687
25.023,14.46,0.39,-0.0118
25.135,14.294,0.555,-0.0175
25.244,14.127,0.495,0.0146
25.356,13.961,0.416,0.0021
25.467,13.795,0.576,-0.0267
25.577,13.628,0.421,-0.0119
25.686,13.46,0.569,-0.104
25.796,13.293,0.387,-0.1506
25.891,13.117,0.566,0.0795
25.995,12.947,0.378,0.1688
26.107,12.781,0.559,-0.0349
26.217,12.614,0.419,-0.0776
26.318,12.441,0.49,0.0664
26.429,12.275,0.525,0.0585
26.538,12.107,0.403,-0.0145
26.648,11.94,0.537,-0.0865
26.756,11.772,0.394,-0.0507
26.856,11.599,0.554,0.1187
26.968,11.433,0.382,0.0177
27.079,11.267,0.555,-0.1685
27.181,11.095,0.468,-0.0296
27.28,10.922,0.545,0.1581
27.391,10.755,0.393,0.0428
27.502,10.589,0.632,-0.0737
27.606,10.418,0.395,0.037
27.715,10.25,0.555,0.0552
27.827,10.085,0.402,-0.1647
27.935,9.916,0.544,-0.1484
28.024,9.738,0.47,0.1708
28.134,9.571,0.425,0.1533
28.246,9.405,0.531,-0.0385
28.355,9.237,0.496,-0.0106
28.462,9.068,0.41,0.054
28.574,8.902,0.535,-0.1126
28.685,8.736,0.392,-0.2217
28.777,8.559,0.541,0.0605
28.878,8.387,0.402,0.2184
28.989,8.22,0.556,0.0569
29.101,8.055,0.493,-0.0274
29.209,7.886,0.406,0.0222
29.32,7.72,0.561,-0.0547
29.431,7.554,0.404,-0.2307
29.532,7.382,0.579,-0.0762
29.622,7.204,0.369,0.2309
29.733,7.037,0.586,0.1558
29.845,6.871,0.376,-0.0121
29.955,6.705,0.567,-0.0049
30.066,6.538,0.396,-0.0004
30.177,6.372,0.533,-0.2003
30.287,6.205,0.389,-0.2185
30.371,6.023,0.553,0.1695
30.478,5.854,0.395,0.2299
30.589,5.688,0.532,0.0363
30.7,5.522,0.508,-0.0032
30.812,5.356,0.409,-0.0053
30.923,5.19,0.611,-0.009
31.033,5.023,0.407,-0.0842
31.144,4.856,0.52,-0.2122
31.244,4.684,0.552,-0.0509
31.336,4.506,0.522,0.2274
31.447,4.34,0.406,0.1178
31.559,4.174,0.629,-0.0427
31.666,4.006,0.4,0.0103
31.776,3.839,0.612,0.0265
31.887,3.673,0.364,-0.01
31.997,3.505,0.604,-0.1111
32.107,3.338,0.372,-0.1447
32.203,3.163,0.598,0.0795
32.307,2.992,0.378,0.1815
32.419,2.827,0.552,0.0589
32.531,2.661,0.466,-0.1109
32.643,2.496,0.505,-0.1532
32.741,2.321,0.494,0.047
32.847,2.152,0.527,0.1084
32.957,1.985,0.464,0.0161
33.066,1.817,0.503,0.0228
33.175,1.649,0.547,0.0148
33.287,1.484,0.385,-0.0322
33.395,1.315,0.569,0.0089
33.505,1.148,0.372,0.049
33.617,0.982,0.57,0.016
33.729,0.817,0.378,-0.0115
33.84,0.651,0.554,-0.1288
33.951,0.484,0.396,-0.2352
34.046,0.309,0.526,0.0025
34.141,0.133,0.406,0.2389
34.252,-0.033,0.52,0.1279
34.363,-0.199,0.423,-0.0156
34.475,-0.365,0.506,-0.0385
34.584,-0.533,0.524,0.0056
34.694,-0.7,0.436,0.0206
34.806,-0.866,0.526,-0.0226
34.915,-1.033,0.488,-0.0181
35.024,-1.201,0.414,-0.047
35.134,-1.368,0.56,-0.1226
35.236,-1.54,0.427,0.0019
35.336,-1.712,0.475,0.1664
35.448,-1.878,0.488,0.0968
35.561,-2.043,0.497,-0.0006
35.674,-2.209,0.408,-0.0723
35.786,-2.374,0.555,-0.2013
35.889,-2.545,0.46,-0.0866
35.983,-2.722,0.551,0.1647
36.093,-2.889,0.397,0.1174
36.202,-3.056,0.629,0.0133
36.312,-3.223,0.374,0.0237
36.424,-3.389,0.622,0.0013
36.536,-3.555,0.521,-0.0118
36.645,-3.722,0.481,0.0082
36.757,-3.888,0.503,0.0044
36.868,-4.054,0.536,-0.0674
36.979,-4.221,0.394,-0.23
37.082,-4.392,0.549,-0.1076
37.169,-4.571,0.387,0.2379
37.28,-4.738,0.556,0.1851
37.392,-4.903,0.381,0.0116
37.504,-5.069,0.561,-0.0109
37.617,-5.234,0.38,-0.0824
37.727,-5.401,0.558,-0.0651
37.83,-5.573,0.371,0.0539
37.941,-5.739,0.584,0.0308
38.051,-5.906,0.387,-0.0213
38.159,-6.074,0.571,0.0169
38.269,-6.242,0.373,-0.0427
38.38,-6.408,0.572,-0.0736
38.481,-6.581,0.394,0.0741
38.59,-6.748,0.534,0.1038
38.703,-6.913,0.386,-0.0017
38.815,-7.079,0.602,-0.1939
38.924,-7.246,0.482,-0.1914
39.013,-7.425,0.549,0.1424
39.12,-7.594,0.439,0.1809
39.23,-7.761,0.521,0.029
39.34,-7.928,0.514,0.0175
39.451,-8.094,0.396,0.0101
39.563,-8.26,0.557,-0.0061
39.674,-8.426,0.389,-0.0038
39.785,-8.593,0.543,-0.002
39.896,-8.759,0.491,-0.0104
40.007,-8.925,0.466,-0.1854
40.117,-9.092,0.513,-0.2091
40.203,-9.273,0.586,0.1586
40.309,-9.442,0.429,0.231
40.421,-9.608,0.526,0.0398
40.533,-9.774,0.592,-0.0626
40.644,-9.94,0.433,-0.0607
40.749,-10.11,0.497,0.0403
40.86,-10.277,0.533,0.0255
40.969,-10.444,0.406,-0.0239
41.078,-10.612,0.532,0.0106
41.187,-10.779,0.486,-0.0482
41.298,-10.946,0.415,-0.0855
41.398,-11.119,0.537,0.0678
41.507,-11.287,0.415,0.0773
41.619,-11.453,0.559,-0.1416
41.726,-11.621,0.379,-0.1088
41.819,-11.798,0.605,0.136
41.93,-11.965,0.381,0.107
42.039,-12.132,0.577,0.0055
42.148,-12.3,0.408,0.0289
42.259,-12.466,0.533,-0.0
42.371,-12.632,0.507,-0.0221
42.48,-12.8,0.474,0.0212
42.591,-12.966,0.569,0.0241
42.703,-13.132,0.39,-0.0423
42.814,-13.298,0.555,-0.234
42.92,-13.467,0.493,-0.1647
43.004,-13.649,0.477,0.2243
43.114,-13.816,0.505,0.2067
43.226,-13.982,0.508,0.0083
43.338,-14.148,0.545,-0.0316
43.448,-14.314,0.411,-0.0146
43.557,-14.482,0.626,0.0278
43.669,-14.648,0.401,-0.0081
43.779,-14.814,0.523,-0.0295
43.889,-14.982,0.496,-0.0115
43.998,-15.149,0.461,-0.121
44.107,-15.317,0.526,-0.1047
44.2,-15.494,0.4,0.1475
44.31,-15.661,0.57,-0.0188
44.422,-15.826,0.371,-0.5804
44.509,-16.004,0.585,-0.6921
44.561,-16.197,0.364,-0.2195
44.61,-16.391,0.605,0.0781
44.667,-16.582,0.391,-0.006
44.722,-16.775,0.649,-0.0913
44.773,-16.968,0.394,-0.0897
44.82,-17.162,0.546,-0.0948
44.865,-17.357,0.481,-0.086
44.904,-17.553,0.537,-0.0593
44.943,-17.75,0.391,-0.0092
44.978,-17.946,0.555,0.1324
45.019,-18.142,0.383,0.207
45.073,-18.335,0.56,-1.0459
45.128,-18.527,0.361,-12.3825
44.936,-18.52,0.567,-1.567
44.741,-18.478,0.383,-0.2286
44.546,-18.433,0.544,0.0193
44.351,-18.39,0.394,0.0595
44.155,-18.349,0.544,0.0486
43.959,-18.312,0.392,-0.0847
43.763,-18.273,0.548,-0.2001
43.57,-18.221,0.386,-0.1204
43.377,-18.166,0.556,-0.0028
43.185,-18.111,0.383,0.0324
42.992,-18.058,0.558,0.2277
42.799,-18.006,0.383,0.0687
42.601,-17.986,0.534,-0.7827
42.421,-17.914,0.392,-0.855
42.254,-17.803,0.54,-0.0608
42.086,-17.696,0.397,0.2787
41.906,-17.607,0.54,-0.0052
41.728,-17.516,0.391,-0.196
41.559,-17.411,0.55,0.0641
41.387,-17.31,0.387,0.2396
41.206,-17.223,0.545,-0.0782
41.026,-17.137,0.407,-0.2431
40.86,-17.025,0.515,0.0688
40.685,-16.93,0.519,0.0773
40.508,-16.836,0.424,-0.1838
40.336,-16.733,0.642,-0.209
40.171,-16.621,0.372,-0.0819
40.006,-16.509,0.575,0.0008
39.841,-16.396,0.399,0.0153
39.675,-16.284,0.527,-0.0148
39.509,-16.172,0.482,-0.1676
39.346,-16.057,0.416,-0.25
39.193,-15.927,0.535,-0.1602
39.04,-15.799,0.396,-0.1578
38.894,-15.662,0.541,-0.1578
38.752,-15.522,0.398,-0.0618
38.612,-15.379,0.612,0.0184
38.471,-15.237,0.396,-0.0696
38.327,-15.098,0.541,-0.3332
38.198,-14.947,0.473,-0.1486
38.084,-14.783,0.559,0.146
37.944,-14.64,0.408,-0.1737
37.822,-14.482,0.514,-0.3178
37.711,-14.316,0.502,-0.0385
37.6,-14.15,0.419,0.2277
37.482,-13.988,0.624,0.1303
37.349,-13.839,0.363,-0.2419
37.237,-13.673,0.654,-0.2181
37.129,-13.505,0.369,-0.0255
37.021,-13.337,0.604,0.0051
36.912,-13.169,0.377,0.0134
36.803,-13.002,0.607,0.0187
36.693,-12.835,0.375,0.0128
36.583,-12.668,0.579,0.045
36.473,-12.501,0.512,0.2078
36.357,-12.338,0.411,0.1108
36.226,-12.187,0.609,-0.2342
36.117,-12.019,0.409,-0.1776
36.009,-11.851,0.51,0.0625
35.9,-11.683,0.534,0.2559
35.784,-11.521,0.385,0.1381
35.65,-11.372,0.572,-0.2409
35.541,-11.205,0.375,-0.1246
35.431,-11.038,0.544,0.13
35.314,-10.876,0.399,0.0179
35.195,-10.715,0.551,-0.1045
35.085,-10.548,0.403,-0.0289
34.972,-10.383,0.515,0.0229
34.859,-10.218,0.424,-0.0101
34.747,-10.053,0.493,-0.011
34.635,-9.887,0.535,-0.0135
34.523,-9.721,0.434,0.0232
34.412,-9.554,0.487,0.0546
34.295,-9.392,0.519,0.0402
34.183,-9.227,0.513,0.1489
34.063,-9.067,0.427,0.0447
33.934,-8.915,0.632,-0.238
33.825,-8.747,0.368,-0.0356
33.716,-8.579,0.592,0.222
33.592,-8.423,0.378,-0.0101
33.47,-8.265,0.552,-0.2
33.36,-8.098,0.38,-0.0209
33.249,-7.932,0.559,0.0784
33.131,-7.77,0.382,-0.0427
33.018,-7.605,0.563,-0.0592
32.907,-7.439,0.372,-0.0002
32.795,-7.274,0.578,0.0096
32.683,-7.108,0.364,0.0003
32.57,-6.943,0.597,0.0338
32.459,-6.776,0.374,0.1138
32.341,-6.615,0.622,0.0069
32.22,-6.456,0.366,-0.1519
32.111,-6.288,0.609,0.0751
32.001,-6.121,0.377,0.2492
31.872,-5.969,0.554,-0.0757
31.751,-5.81,0.401,-0.2486
31.642,-5.643,0.545,0.0555
31.532,-5.476,0.474,0.165
31.405,-5.321,0.412,-0.0984
31.292,-5.157,0.557,-0.1253
31.181,-4.99,0.388,0.0277
31.068,-4.825,0.543,0.0133
30.953,-4.662,0.477,-0.0359
30.842,-4.495,0.433,-0.005
30.729,-4.33,0.533,0.0114
30.617,-4.165,0.499,-0.0113
30.504,-3.999,0.423,0.0037
30.393,-3.833,0.512,0.0186
30.279,-3.669,0.492,-0.0161
30.167,-3.503,0.435,0.005
30.056,-3.337,0.53,0.1018
29.94,-3.174,0.474,0.0263
29.819,-3.014,0.464,-0.1296
29.71,-2.847,0.468,0.0582
29.6,-2.68,0.529,0.24
29.472,-2.527,0.415,-0.0499
29.35,-2.369,0.488,-0.2577
29.241,-2.201,0.54,0.0459
29.133,-2.033,0.392,0.2049
29.004,-1.88,0.553,-0.0876
28.889,-1.717,0.383,-0.1554
28.779,-1.55,0.56,0.0249
28.666,-1.385,0.378,0.026
28.549,-1.222,0.643,-0.0474
28.439,-1.056,0.427,-0.0217
28.326,-0.89,0.518,0.007
28.214,-0.725,0.62,0.0139
28.102,-0.559,0.401,0.0163
27.988,-0.395,0.644,-0.0267
27.876,-0.229,0.395,0.0249
27.766,-0.062,0.532,0.119
27.647,0.098,0.493,-0.0046
27.528,0.259,0.467,-0.1448
27.418,0.426,0.551,0.0996
27.309,0.593,0.404,0.2463
27.177,0.744,0.541,-0.1066
27.059,0.904,0.38,-0.2315
26.95,1.072,0.614,0.0896
26.838,1.237,0.414,0.1393
26.71,1.391,0.53,-0.1317
26.599,1.557,0.595,-0.1113
26.488,1.724,0.385,0.0489
26.374,1.888,0.543,0.0064
26.259,2.052,0.414,-0.0488
26.149,2.219,0.546,-0.016
26.036,2.384,0.374,0.011
25.925,2.55,0.62,0.0324
25.812,2.715,0.406,0.0205
25.698,2.879,0.553,-0.0434
25.586,3.045,0.509,0.0433
25.476,3.212,0.479,0.1386
25.354,3.37,0.586,0.0137
25.236,3.532,0.42,0.0825
25.12,3.694,0.559,0.0746
24.986,3.843,0.498,-0.2417
24.877,4.01,0.526,-0.1317
24.767,4.177,0.48,0.1239
24.65,4.34,0.543,0.0165
24.532,4.5,0.391,-0.1229
24.422,4.668,0.633,0.3248
24.312,4.835,0.387,1.1081
24.157,4.956,0.633,1.1062
23.978,5.042,0.37,0.5911
23.789,5.108,0.563,0.2954
23.598,5.168,0.407,0.697
23.403,5.214,0.568,1.0504
23.208,5.18,0.405,0.2072
23.009,5.162,0.516,-0.2891
22.809,5.158,0.49,0.2453
22.61,5.155,0.47,0.488
22.419,5.097,0.537,-0.0261
22.221,5.072,0.435,-0.0559
22.024,5.04,0.482,0.1904
21.828,4.998,0.533,0.1282
21.633,4.952,0.397,0.1325
21.439,4.904,0.546,0.0425
21.248,4.844,0.394,-0.2056
21.053,4.803,0.528,-0.1684
20.856,4.768,0.397,0.0579
20.66,4.729,0.57,0.0324
20.465,4.683,0.371,0.0065
20.268,4.649,0.614,0.1855
20.076,4.597,0.366,0.1501
19.883,4.541,0.633,-0.0305
19.691,4.487,0.409,-0.2231
19.497,4.438,0.496,-0.3459
19.299,4.413,0.544,-0.0569
19.1,4.388,0.387,0.2952
18.905,4.347,0.583,0.3003
18.713,4.292,0.419,0.0615
18.521,4.235,0.548,-0.3155
18.327,4.187,0.515,-0.3612
18.128,4.172,0.484,0.1003
17.931,4.138,0.546,0.2978
17.736,4.093,0.385,0.1916
17.543,4.042,0.557,0.1061
17.351,3.984,0.384,-0.0225
17.159,3.93,0.557,-0.0938
16.966,3.879,0.383,-0.1599
16.771,3.832,0.555,-0.3054
16.575,3.799,0.384,-0.1064
16.375,3.783,0.553,0.3145
16.181,3.735,0.393,0.2805
15.988,3.684,0.541,0.0758
15.796,3.628,0.479,-0.0142
15.604,3.573,0.435,-0.0862
15.41,3.523,0.479,-0.1092
15.216,3.476,0.542,-0.0975
15.02,3.434,0.401,-0.0314
14.824,3.393,0.531,0.0302
14.629,3.35,0.488,0.0081
14.434,3.307,0.425,0.025
14.238,3.266,0.547,0.1457
14.044,3.216,0.484,0.1282
13.853,3.158,0.421,-0.0256
13.66,3.105,0.534,-0.0634
13.466,3.055,0.415,-0.0589
13.273,3.004,0.522,-0.1202
13.078,2.96,0.48,-0.0743
12.881,2.922,0.415,0.0325
12.687,2.878,0.567,0.0007
12.491,2.835,0.515,-0.0094
12.295,2.795,0.402,0.085
12.101,2.749,0.65,0.1102
11.907,2.699,0.389,0.0831
11.714,2.646,0.631,0.0587
11.522,2.59,0.373,-0.0344
11.33,2.534,0.559,-0.1279
11.136,2.486,0.407,-0.1145
10.941,2.442,0.528,-0.0652
10.745,2.4,0.485,-0.0374
10.549,2.36,0.418,0.0033
10.353,2.32,0.62,0.0615
10.158,2.278,0.412,0.1039
9.964,2.231,0.515,0.1196
9.77,2.179,0.577,0.0819
9.579,2.122,0.386,-0.0201
9.386,2.068,0.565,-0.1147
9.193,2.017,0.41,-0.3074
8.998,1.974,0.503,-0.2594
8.798,1.961,0.58,0.1931
8.602,1.921,0.38,0.3064
8.408,1.874,0.597,0.1504
8.216,1.82,0.4,0.0639
8.024,1.763,0.528,-0.222
7.831,1.709,0.465,-0.3543
7.633,1.688,0.547,-0.0159
7.436,1.654,0.405,0.1644
7.239,1.615,0.53,0.1749
7.044,1.572,0.39,0.2204
6.853,1.514,0.556,-0.0244
6.661,1.456,0.382,-0.2687
6.465,1.418,0.559,-0.1684
6.269,1.382,0.38,-0.0653
6.072,1.347,0.561,0.0688
5.874,1.318,0.379,0.2968
5.681,1.266,0.565,0.1876
5.49,1.208,0.373,-0.0863
5.296,1.156,0.636,-0.1819
5.102,1.111,0.427,-0.2841
4.905,1.074,0.507,-0.125
4.706,1.059,0.564,0.3312
4.512,1.012,0.39,0.3124
4.32,0.955,0.552,-0.0405
4.128,0.9,0.376,-0.2987
3.933,0.858,0.566,-0.3209
3.734,0.835,0.379,0.0543
3.536,0.81,0.559,0.3716
3.342,0.762,0.383,0.2401
3.15,0.705,0.558,-0.0614
2.958,0.651,0.378,-0.3562
2.762,0.609,0.565,-0.2787
2.563,0.596,0.38,0.2056
2.367,0.557,0.554,0.3199
2.173,0.509,0.388,0.1425
1.98,0.455,0.551,-0.1056
1.789,0.4,0.409,-0.2641
1.591,0.369,0.494,-0.1041
1.395,0.331,0.511,0.0247
1.197,0.3,0.481,0.185
1.002,0.259,0.413,0.2422
0.81,0.202,0.58,-0.1757
0.617,0.149,0.371,-0.3718
0.418,0.131,0.624,0.0335
0.221,0.097,0.387,0.2383
0.026,0.055,0.658,0.2017
-0.168,0.008,0.393,0.0387
-0.359,-0.052,0.544,-0.1817
-0.556,-0.088,0.506,-0.1428
-0.751,-0.131,0.455,-0.1214
-0.948,-0.161,0.55,0.0748
-1.145,-0.191,0.384,0.3295
-1.338,-0.246,0.564,0.1485
-1.53,-0.302,0.404,-0.2071
-1.723,-0.354,0.57,-0.3762
-1.92,-0.381,0.51,-0.1266
-2.119,-0.403,0.411,0.3026
-2.315,-0.44,0.594,0.3228
-2.506,-0.5,0.371,-0.0194
-2.7,-0.549,0.615,-0.2257
-2.895,-0.594,0.376,-0.2806
-3.092,-0.623,0.651,-0.0347
-3.29,-0.644,0.38,0.3562
-3.485,-0.692,0.544,0.2868
-3.676,-0.75,0.393,-0.0827
-3.868,-0.806,0.572,-0.3463
-4.064,-0.842,0.511,-0.2907
-4.263,-0.865,0.455,0.1287
-4.461,-0.89,0.511,0.4226
-4.653,-0.945,0.564,0.1841
-4.845,-1.002,0.426,-0.1779
-5.038,-1.054,0.485,-0.3793
-5.234,-1.088,0.536,-0.1979
-5.434,-1.103,0.389,0.2817
-5.63,-1.142,0.56,0.3764
-5.822,-1.197,0.381,0.0702
-6.014,-1.255,0.558,-0.2128
-6.208,-1.301,0.381,-0.2137
-6.405,-1.334,0.564,-0.0934
-6.601,-1.373,0.373,0.03
-6.799,-1.4,0.571,0.2544
-6.993,-1.449,0.372,0.2025
-7.185,-1.504,0.569,-0.0499
-7.378,-1.556,0.372,-0.3102
-7.572,-1.602,0.595,-0.2952
-7.772,-1.615,0.38,0.1721
-7.968,-1.653,0.634,0.3289
-8.162,-1.701,0.406,0.1691
-8.354,-1.755,0.514,0.0315
-8.546,-1.813,0.53,-0.2404
-8.74,-1.863,0.419,-0.3162
-8.938,-1.888,0.481,-0.0181
-9.135,-1.921,0.529,0.1432
-9.331,-1.96,0.415,0.1773
-9.527,-2.001,0.537,0.2253
-9.718,-2.059,0.495,-0.0123
-9.91,-2.117,0.426,-0.2596
-10.105,-2.157,0.51,-0.172
-10.302,-2.192,0.5,-0.0891
-10.499,-2.227,0.468,0.0841
-10.697,-2.254,0.494,0.328
-10.889,-2.311,0.586,0.1322
-11.081,-2.366,0.383,-0.1682
-11.275,-2.416,0.6,-0.3399
-11.471,-2.452,0.361,-0.1689
-11.67,-2.467,0.616,0.2664
-11.865,-2.511,0.378,0.2848
-12.059,-2.561,0.612,0.1161
-12.251,-2.616,0.361,-0.0028
-12.443,-2.672,0.612,-0.2757
-12.637,-2.719,0.423,-0.2896
-12.836,-2.74,0.521,0.0575
-13.032,-2.778,0.511,0.1731
-13.228,-2.817,0.468,0.1789
-13.422,-2.864,0.545,0.19
-13.614,-2.922,0.39,-0.0896
-13.805,-2.979,0.56,-0.2891
-14.002,-3.013,0.372,-0.1436
-14.199,-3.05,0.578,-0.0322
-14.396,-3.081,0.372,0.1376
-14.593,-3.116,0.55,0.3048
-14.785,-3.171,0.382,0.0822
-14.977,-3.228,0.64,-0.1455
-15.171,-3.274,0.381,-0.1615
-15.366,-3.319,0.621,-0.2348
-15.563,-3.352,0.411,-0.0483
-15.762,-3.372,0.55,0.3299
-15.955,-3.422,0.502,0.2572
-16.148,-3.477,0.52,0.0169
-16.34,-3.532,0.484,-0.1174
-16.533,-3.584,0.538,-0.3432
-16.728,-3.624,0.393,-0.2681
-16.928,-3.638,0.548,0.2285
-17.124,-3.674,0.415,0.3889
-17.317,-3.728,0.48,0.1197
-17.508,-3.785,0.543,-0.1656
-17.702,-3.836,0.392,-0.2272
-17.899,-3.871,0.563,-0.1353
-18.095,-3.909,0.5,-0.0273
-18.293,-3.935,0.406,0.223
-18.488,-3.977,0.59,0.2836
-18.68,-4.034,0.418,0.026
-18.872,-4.09,0.607,-0.3199
-19.066,-4.137,0.463,-0.3432
-19.265,-4.152,0.566,0.1087
-19.462,-4.186,0.394,0.3041
-19.657,-4.232,0.653,0.1929
-19.85,-4.283,0.368,0.0992
-20.041,-4.342,0.614,-0.1767
-20.234,-4.395,0.378,-0.3957
-20.431,-4.424,0.647,-0.1734
-20.63,-4.446,0.375,0.2341
-20.827,-4.478,0.556,0.385
-21.019,-4.534,0.375,0.1228
-21.21,-4.593,0.571,-0.2615
-21.404,-4.64,0.379,-0.3675
-21.602,-4.667,0.543,-0.0342
-21.8,-4.69,0.403,0.2929
-21.995,-4.735,0.525,0.2565
-22.188,-4.785,0.413,0.0227
-22.38,-4.844,0.516,-0.28
-22.575,-4.884,0.491,-0.3334
-22.773,-4.909,0.419,0.0559
-22.972,-4.93,0.628,0.4005
-23.165,-4.982,0.398,0.2381
-23.357,-5.039,0.542,-0.1253
-23.549,-5.093,0.473,-0.3443
-23.745,-5.129,0.548,-0.1679
-23.944,-5.151,0.404,0.1693
-24.14,-5.192,0.536,0.2334
-24.335,-5.235,0.394,0.1453
-24.527,-5.291,0.536,-0.0609
-24.72,-5.341,0.505,-0.1811
-24.916,-5.382,0.462,-0.2071
-25.112,-5.42,0.545,-0.0717
-25.311,-5.439,0.492,0.2924
-25.505,-5.487,0.547,0.2742
-25.697,-5.543,0.517,-0.0203
-25.889,-5.597,0.45,-0.3115
-26.084,-5.643,0.553,-0.3456
-26.283,-5.658,0.497,0.1146
-26.481,-5.689,0.532,0.3875
-26.674,-5.737,0.418,0.2072
-26.866,-5.795,0.495,-0.0977
-27.058,-5.849,0.531,-0.383
-27.255,-5.887,0.436,-0.2541
-27.454,-5.901,0.477,0.2401
-27.65,-5.938,0.527,0.3513
-27.843,-5.99,0.406,0.1438
-28.035,-6.045,0.532,-0.0058
-28.227,-6.101,0.407,-0.2636
-28.421,-6.151,0.526,-0.382
-28.619,-6.172,0.5,-0.0217
-28.818,-6.197,0.428,0.3427
-29.013,-6.238,0.566,0.313
-29.204,-6.297,0.51,-0.0247
-29.396,-6.354,0.43,-0.3537
-29.592,-6.392,0.538,-0.302
-29.79,-6.414,0.496,0.1063
-29.988,-6.441,0.514,0.3988
-30.181,-6.491,0.399,0.1103
-30.372,-6.552,0.571,-0.3563
-30.569,-6.586,0.391,-0.2648
-30.768,-6.607,0.545,0.1828
-30.964,-6.639,0.421,0.2623
-31.157,-6.691,0.595,-0.1754
-31.353,-6.733,0.405,-0.2796
-31.552,-6.747,0.511,0.2094
-31.748,-6.783,0.521,0.3678
-31.941,-6.836,0.501,0.0037
-32.133,-6.89,0.461,-0.3732
-32.33,-6.925,0.552,-0.2243
-32.53,-6.939,0.488,0.2918
-32.725,-6.98,0.554,0.33
-32.917,-7.034,0.409,-0.0863
-33.11,-7.085,0.518,-0.3802
-33.308,-7.116,0.485,-0.1287
-33.507,-7.132,0.518,0.3412
-33.701,-7.177,0.503,0.3187
-33.894,-7.232,0.55,0.0195
-34.086,-7.288,0.411,-0.2983
-34.28,-7.335,0.614,-0.3713
-34.479,-7.352,0.397,0.0678
-34.677,-7.38,0.59,0.3797
-34.871,-7.427,0.503,0.2406
-35.062,-7.484,0.417,-0.06
-35.255,-7.539,0.584,-0.3702
-35.451,-7.579,0.508,-0.2978
-35.65,-7.593,0.48,0.1943
-35.846,-7.628,0.522,0.3838
-36.04,-7.678,0.589,0.1819
-36.231,-7.736,0.418,-0.172
-36.423,-7.792,0.506,-0.3334
-36.622,-7.817,0.514,-0.0657
-36.818,-7.853,0.405,0.0819
-37.015,-7.889,0.567,0.1584
-37.211,-7.928,0.382,0.2672
-37.403,-7.984,0.591,0.0351
-37.594,-8.043,0.516,-0.2196
-37.789,-8.086,0.419,-0.1903
-37.985,-8.125,0.598,-0.1628
-38.182,-8.158,0.382,0.0367
-38.381,-8.182,0.548,0.3445
-38.573,-8.235,0.391,0.1965
-38.765,-8.291,0.551,-0.069
-38.958,-8.343,0.39,-0.1449
-39.153,-8.391,0.54,-0.2935
-39.349,-8.429,0.492,-0.1591
-39.548,-8.444,0.415,0.2814
-39.743,-8.489,0.55,0.2889
-39.936,-8.541,0.481,0.0856
-40.128,-8.596,0.46,-0.0121
-40.32,-8.651,0.496,-0.2822
-40.514,-8.7,0.543,-0.3271
-40.713,-8.717,0.416,0.0862
-40.91,-8.753,0.502,0.2579
-41.105,-8.797,0.515,0.1832
-41.298,-8.847,0.511,0.1086
-41.49,-8.905,0.413,-0.1599
-41.683,-8.958,0.593,-0.3748
-41.88,-8.988,0.413,-0.1802
-42.079,-9.01,0.518,0.2203
-42.276,-9.043,0.576,0.3614
-42.468,-9.096,0.378,0.1439
-42.66,-9.154,0.576,-0.0809
-42.853,-9.206,0.394,-0.2206
-43.047,-9.252,0.535,-0.315
-43.245,-9.28,0.525,-0.0452
-43.443,-9.301,0.443,0.3148
-43.638,-9.348,0.555,0.27
-43.831,-9.4,0.493,0.0023
-44.022,-9.458,0.564,-0.2768
-44.217,-9.499,0.381,-0.3277
-44.416,-9.525,0.552,-0.1758
-44.615,-9.546,0.403,-0.0071
-44.814,-9.564,0.512,0.0206
-45.012,-9.592,0.483,-0.1108
-45.211,-9.606,0.434,0.1804
-45.408,-9.621,0.477,0.157
-45.6,-9.676,0.558,-0.4714
-45.8,-9.674,0.403,-0.3284
-46.0,-9.673,0.581,0.0166
-46.2,-9.674,0.505,-0.0051
-46.4,-9.673,0.422,0.0005
-46.6,-9.673,0.581,-0.0051
-46.8,-9.673,0.51,-0.0998
-47.0,-9.671,0.467,-0.3839
-47.199,-9.658,0.504,-0.2222
-47.393,-9.609,0.502,0.3073
-47.593,-9.607,0.45,0.1005
-47.792,-9.594,0.544,-0.2579
-47.991,-9.572,0.434,-0.3654
-48.188,-9.539,0.542,-0.057
-48.379,-9.48,0.517,0.3649
-48.578,-9.475,0.472,-0.1403
-48.774,-9.444,0.533,-0.5008
-48.967,-9.39,0.508,-0.138
-49.158,-9.33,0.404,0.1172
-49.352,-9.282,0.626,0.0057
-49.546,-9.234,0.366,-0.2686
-49.737,-9.175,0.636,-0.3708
-49.92,-9.097,0.39,-0.092
-50.101,-9.014,0.52,0.1952
-50.29,-8.947,0.483,-0.0286
-50.479,-8.88,0.436,-0.3071
-50.658,-8.792,0.535,-0.1628
-50.836,-8.702,0.494,0.0146
-51.016,-8.613,0.421,0.0054
-51.195,-8.525,0.523,-0.1908
-51.374,-8.435,0.396,-0.249
-51.539,-8.322,0.562,-0.0104
-51.712,-8.222,0.389,-0.0351
-51.882,-8.118,0.584,-0.1861
-52.048,-8.005,0.372,-0.0823
-52.21,-7.888,0.552,-0.1725
-52.376,-7.777,0.392,-0.2816
-52.519,-7.638,0.531,0.0621
-52.675,-7.515,0.397,-0.0029
-52.834,-7.395,0.543,-0.3323
-52.974,-7.252,0.386,-0.1525
-53.116,-7.111,0.56,0.0072
-53.258,-6.97,0.381,-0.0243
-53.399,-6.828,0.56,0.028
-53.539,-6.686,0.387,-0.1478
-53.685,-6.549,0.543,-0.4392
-53.8,-6.387,0.494,-0.2056
-53.917,-6.225,0.476,-0.0077
-54.038,-6.066,0.516,-0.1857
-54.149,-5.9,0.618,-0.2362
-54.251,-5.728,0.384,-0.1556
-54.35,-5.554,0.579,-0.1281
-54.443,-5.377,0.406,-0.1222
-54.533,-5.198,0.543,-0.2058
-54.617,-5.017,0.471,-0.2493
-54.685,-4.829,0.581,-0.1187
-54.755,-4.642,0.374,-0.1121
-54.82,-4.452,0.579,-0.1711
-54.876,-4.261,0.383,-0.0747
-54.929,-4.068,0.552,-0.0033
-54.986,-3.876,0.387,-0.0814
-55.037,-3.683,0.544,-0.2829
-55.082,-3.488,0.485,-0.4502
-55.101,-3.289,0.459,-0.2808
-55.109,-3.09,0.504,0.2076
-55.121,-2.89,0.599,0.2125
-55.168,-2.696,0.387,-0.172
-55.173,-2.497,0.591,0.0369
-55.2,-2.3,0.363,0.0137
-55.232,-2.104,0.58,-0.3377
-55.234,-1.904,0.368,-0.2552
-55.237,-1.704,0.564,-0.2575
-55.228,-1.504,0.401,-0.3151
-55.202,-1.306,0.526,0.0209
-55.171,-1.109,0.458,0.3134
-55.17,-0.909,0.484,-0.0264
-55.164,-0.709,0.534,-0.3125
-55.133,-0.513,0.402,0.078
-55.108,-0.316,0.625,-0.0069
-55.109,-0.117,0.377,-0.5888
-55.051,0.075,0.595,-0.2386
-54.994,0.267,0.409,0.2708
-54.955,0.462,0.517,0.1194
-54.922,0.66,0.577,-0.4133
-54.877,0.853,0.444,-0.433
-54.786,1.032,0.52,0.2085
-54.735,1.225,0.609,0.1421
-54.681,1.417,0.389,-0.2868
-54.614,1.605,0.562,-0.3277
-54.532,1.788,0.407,-0.2138
-54.444,1.967,0.556,-0.0645
-54.352,2.145,0.411,-0.0786
-54.264,2.324,0.495,-0.2498
-54.161,2.495,0.542,-0.2525
-54.05,2.662,0.407,-0.1961
-53.936,2.826,0.535,-0.2647
-53.81,2.981,0.385,-0.0895
-53.677,3.13,0.537,0.1576
-53.56,3.292,0.396,-0.1414
-53.438,3.449,0.556,-0.6613
-53.293,3.586,0.388,-0.3981
-53.125,3.694,0.549,0.1726
-52.983,3.834,0.398,-0.109
-52.83,3.961,0.538,-0.4289
-52.662,4.07,0.381,-0.3016
-52.492,4.174,0.57,-0.3617
-52.314,4.265,0.375,-0.4004
-52.127,4.336,0.561,-0.2201
-51.938,4.403,0.383,-0.1398
-51.748,4.466,0.555,-0.3095
-51.556,4.519,0.382,-0.4509
-51.358,4.548,0.56,-0.1451
-51.159,4.565,0.379,0.1496
-50.964,4.606,0.56,-0.1718
-50.767,4.634,0.375,-0.425
-50.567,4.638,0.57,-0.1918
-50.367,4.637,0.372,-0.2001
-50.167,4.639,0.572,-0.4482
-49.972,4.607,0.364,-0.0822
-49.777,4.57,0.576,0.115
-49.578,4.565,0.405,-0.3826
-49.383,4.519,0.499,-0.3746
-49.191,4.462,0.437,-0.0284
-48.999,4.408,0.493,0.0047
-48.806,4.355,0.413,-0.0806
-48.614,4.298,0.533,-0.1161
-48.424,4.236,0.421,-0.3271
-48.235,4.171,0.505,-0.4668
-48.064,4.069,0.518,-0.0344
-47.888,3.977,0.501,0.0584
-47.706,3.897,0.403,-0.4074
-47.536,3.792,0.608,-0.3548
-47.379,3.668,0.429,-0.1045
-47.213,3.557,0.511,-0.3636
-47.063,3.426,0.535,-0.4249
-46.927,3.279,0.397,-0.2219
-46.791,3.133,0.554,-0.37
-46.667,2.976,0.396,-0.6166
-46.566,2.804,0.516,-0.6502
-46.489,2.62,0.453,-0.5365
-46.433,2.429,0.529,-0.1977
-46.391,2.233,0.412,0.0372
-46.33,2.043,0.535,-0.2645
-46.286,1.848,0.392,-0.5332
-46.268,1.649,0.546,-0.4223
-46.266,1.449,0.475,-0.4532
-46.273,1.25,0.506,-0.567
-46.317,1.055,0.546,-0.1628
-46.367,0.861,0.436,0.1741
-46.395,0.664,0.529,-0.3329
-46.434,0.472,0.478,-0.5374
-46.522,0.293,0.538,-0.0432
-46.581,0.101,0.402,-0.0976
-46.658,-0.083,0.566,-0.2634
-46.743,-0.264,0.385,-0.1246
-46.833,-0.443,0.572,-0.0201
-46.923,-0.621,0.517,0.0482
-47.011,-0.801,0.471,0.2482
-47.097,-0.982,0.506,0.4302
-47.151,-1.173,0.567,0.3219
-47.206,-1.366,0.412,0.4037
-47.243,-1.561,0.495,0.2553
-47.252,-1.76,0.529,-0.2917
-47.295,-1.955,0.399,-0.1021
-47.344,-2.149,0.546,0.449
-47.363,-2.347,0.384,0.3793
-47.366,-2.547,0.557,0.4969
-47.37,-2.746,0.38,0.6878
-47.308,-2.936,0.561,0.0059
-47.273,-3.133,0.372,-0.2519
-47.248,-3.331,0.645,0.2556
-47.214,-3.527,0.379,0.4969
-47.149,-3.716,0.649,0.7485
-47.079,-3.904,0.386,1.1271
-46.941,-4.046,0.545,0.5888
-46.8,-4.188,0.469,0.3119
-46.655,-4.324,0.581,0.6681
-46.488,-4.434,0.379,0.6489
-46.306,-4.516,0.563,0.2294
-46.121,-4.594,0.404,0.0145
-45.939,-4.676,0.523,0.192
-45.754,-4.75,0.501,0.3135
-45.562,-4.807,0.463,0.1794
-45.37,-4.861,0.536,0.3051
-45.176,-4.911,0.471,0.4361
-44.978,-4.922,0.557,-0.0632
-44.782,-4.947,0.383,-0.0539
-44.589,-4.993,0.564,0.4884
-44.389,-4.991,0.398,0.2741
-44.189,-4.989,0.531,0.0473
-43.989,-4.991,0.387,0.4505
-43.792,-4.977,0.552,0.6303
-43.6,-4.92,0.393,0.1611
-43.407,-4.868,0.535,-0.0551
-43.212,-4.822,0.398,0.2319
-43.02,-4.767,0.541,0.5148
-42.837,-4.69,0.388,0.5379
-42.664,-4.59,0.556,0.5722
-42.496,-4.48,0.391,0.7423
-42.357,-4.336,0.536,0.5868
-42.233,-4.181,0.485,0.309
-42.118,-4.017,0.465,0.1301
-42.007,-3.85,0.537,0.0099
-41.894,-3.685,0.621,0.0975
-41.783,-3.519,0.399,0.2546
-41.685,-3.345,0.538,0.1572
-41.593,-3.167,0.514,-0.1278
-41.497,-2.993,0.45,0.0962
-41.386,-2.826,0.531,0.5706
-41.324,-2.636,0.512,0.1881
-41.26,-2.446,0.481,-0.3447
-41.178,-2.265,0.564,-0.2523
-41.084,-2.088,0.389,0.1923
-40.995,-1.91,0.588,0.4272
-40.936,-1.719,0.479,0.2133
-40.875,-1.528,0.554,0.0931
-40.82,-1.336,0.433,0.0941
-40.769,-1.142,0.554,0.0013
-40.718,-0.949,0.498,0.3233
-40.664,-0.758,0.461,0.453
-40.668,-0.558,0.569,-0.3038
-40.628,-0.363,0.498,-0.3786
-40.571,-0.172,0.567,0.3923
-40.533,0.022,0.514,0.6539
-40.536,0.222,0.417,-0.01
-40.539,0.422,0.54,-0.483
-40.5,0.616,0.391,0.0578
-40.47,0.812,0.544,0.4477
-40.472,1.012,0.478,0.1671
-40.471,1.212,0.405,0.173
-40.471,1.412,0.594,0.4275
-40.5,1.608,0.366,0.0546
-40.537,1.803,0.633,-0.2989
-40.537,2.003,0.409,0.0491
-40.556,2.202,0.545,0.3291
-40.583,2.4,0.511,0.32
-40.628,2.594,0.489,0.0292
-40.678,2.787,0.427,0.0073
-40.704,2.985,0.528,0.2574
-40.774,3.173,0.392,-0.0784
-40.819,3.367,0.545,-0.1763
-40.858,3.563,0.397,0.2355
-40.908,3.756,0.531,0.3768
-40.979,3.943,0.401,0.2922
-41.053,4.129,0.535,0.1566
-41.143,4.307,0.4,0.0677
-41.222,4.491,0.53,0.2843
-41.317,4.666,0.4,0.3734
-41.43,4.831,0.536,0.1229
-41.543,4.996,0.397,-0.0218
-41.656,5.161,0.543,0.033
-41.766,5.328,0.393,0.1957
-41.885,5.488,0.547,0.2591
-42.014,5.641,0.475,-0.0444
-42.147,5.79,0.437,-0.1259
-42.256,5.958,0.472,0.1861
-42.393,6.103,0.548,-0.0137
-42.519,6.255,0.385,-0.0318
-42.636,6.417,0.556,0.1117
-42.779,6.556,0.384,-0.1127
-42.894,6.72,0.558,0.0232
-43.026,6.869,0.373,-0.0212
-43.155,7.021,0.57,-0.0115
-43.27,7.184,0.371,0.1402
-43.414,7.323,0.573,-0.0841
-43.531,7.484,0.364,0.0324
-43.663,7.633,0.578,-0.029
-43.796,7.781,0.369,-0.0601
-43.908,7.947,0.569,0.1514
-44.054,8.084,0.372,-0.1149
-44.171,8.244,0.586,-0.0021
-44.297,8.398,0.415,0.0325
-44.434,8.542,0.548,-0.1095
-44.544,8.709,0.514,0.1948
-44.684,8.852,0.491,0.0706
-44.816,9.002,0.535,-0.1266
-44.944,9.155,0.391,-0.029
-45.074,9.308,0.555,-0.0118
-45.201,9.462,0.384,0.0038
-45.329,9.615,0.559,0.0108
-45.458,9.768,0.377,-0.0084
-45.587,9.922,0.569,-0.0235
-45.714,10.076,0.375,-0.0078
-45.841,10.231,0.563,0.0245
-45.969,10.384,0.387,0.0129
-46.098,10.537,0.534,-0.0188
-46.226,10.691,0.393,0.0024
-46.353,10.845,0.575,0.0174
-46.483,10.997,0.369,-0.0218
-46.61,11.152,0.632,-0.0057
-46.737,11.306,0.395,0.0225
-46.866,11.459,0.633,0.0075
-46.994,11.612,0.389,0.0036
-47.124,11.765,0.545,-0.0638
-47.252,11.918,0.472,-0.1723
-47.373,12.077,0.567,0.0808
-47.487,12.241,0.391,0.1991
-47.631,12.38,0.545,-0.1159
-47.746,12.542,0.453,0.0604
-47.875,12.694,0.545,0.2018
-48.013,12.838,0.43,-0.0862
-48.144,12.989,0.546,-0.113
-48.27,13.145,0.479,0.0077
-48.4,13.297,0.583,-0.0123
-48.529,13.45,0.382,-0.0025
-48.655,13.605,0.555,0.0021
-48.787,13.756,0.425,-0.0481
-48.91,13.913,0.486,0.0237
-49.039,14.066,0.534,0.025
-49.168,14.219,0.39,0.0064
-49.294,14.374,0.565,0.016
-49.426,14.524,0.376,-0.037
-49.551,14.68,0.561,0.0171
-49.68,14.833,0.384,-0.0094
-49.81,14.985,0.552,-0.0381
-49.933,15.142,0.386,0.0293
-50.064,15.293,0.555,-0.0066
-50.189,15.449,0.39,0.0214
-50.318,15.602,0.547,0.002
-50.448,15.754,0.5,0.0665
-50.572,15.911,0.468,0.088
-50.715,16.051,0.513,-0.1632
-50.835,16.209,0.575,0.0194
-50.961,16.363,0.377,0.0059
-51.101,16.505,0.612,-0.1446
-51.207,16.675,0.367,0.1583
-51.348,16.816,0.616,-0.0139
-51.473,16.971,0.4,-0.0164
-51.595,17.128,0.569,0.101
-51.737,17.268,0.463,-0.1174
-51.854,17.431,0.545,0.0844
-51.987,17.579,0.396,0.1515
-52.124,17.725,0.535,-0.1717
-52.256,17.875,0.492,-0.1153
-52.373,18.037,0.515,0.1183
-52.511,18.182,0.547,-0.0093
-52.636,18.337,0.415,0.039
-52.765,18.49,0.586,-0.0479
-52.904,18.633,0.395,-0.1668
-53.012,18.801,0.52,0.1741
-53.151,18.944,0.493,0.0406
-53.28,19.096,0.421,-0.0862
-53.403,19.253,0.544,0.1833
-53.539,19.4,0.393,0.0332
-53.679,19.543,0.562,-0.2006
-53.801,19.701,0.412,0.0316
-53.929,19.853,0.48,-0.0329
-54.067,19.997,0.534,-0.125
-54.175,20.165,0.394,0.3102
-54.317,20.306,0.561,0.1857
-54.459,20.447,0.402,-0.3283
-54.59,20.596,0.524,-0.1337
-54.702,20.762,0.464,0.1618
-54.847,20.9,0.529,-0.0975
-54.965,21.06,0.397,0.0526
-55.092,21.213,0.606,0.3264
-55.235,21.353,0.425,-0.1082
-55.377,21.493,0.489,-0.3208
-55.491,21.658,0.5,0.0739
-55.623,21.806,0.48,0.0091
-55.756,21.954,0.413,-0.0911
-55.87,22.118,0.555,0.2918
-56.01,22.261,0.397,0.1399
-56.153,22.4,0.555,-0.2951
-56.281,22.553,0.439,-0.0671
-56.4,22.712,0.542,0.0897
-56.544,22.851,0.539,-0.1465
-56.658,23.015,0.428,0.1248
-56.789,23.165,0.632,0.2993
-56.931,23.306,0.383,-0.19
-57.071,23.448,0.554,-0.2929
-57.18,23.616,0.411,0.145
-57.318,23.76,0.499,0.0557
-57.447,23.912,0.55,-0.0519
-57.572,24.068,0.413,-0.0117
-57.709,24.214,0.572,-0.1332
-57.824,24.377,0.372,0.0375
-57.954,24.529,0.581,-0.0036
-58.082,24.682,0.377,-0.246
-58.199,24.844,0.568,-0.3175
-58.308,25.012,0.398,-0.1899
-58.402,25.189,0.528,0.1078
-58.509,25.358,0.392,0.1121
-58.619,25.524,0.552,-0.1509
-58.725,25.694,0.385,-0.292
-58.816,25.872,0.557,-0.1581
-58.9,26.053,0.383,-0.0843
-58.991,26.231,0.553,-0.1879
-59.063,26.417,0.387,-0.0539
-59.138,26.602,0.546,-0.0581
-59.218,26.785,0.389,-0.0539
-59.276,26.976,0.553,0.1358
-59.365,27.155,0.382,-0.1159
-59.434,27.343,0.561,-0.2703
-59.495,27.533,0.379,-0.1039
-59.552,27.725,0.561,0.022
-59.609,27.916,0.384,-0.0516
-59.674,28.106,0.546,-0.1356
-59.716,28.301,0.398,0.1379
-59.774,28.492,0.531,0.2536
-59.843,28.68,0.396,0.0657
-59.913,28.867,0.552,-0.0662
-59.98,29.056,0.381,-0.1229
-60.043,29.246,0.562,-0.1063
-60.099,29.438,0.387,0.0039
-60.156,29.629,0.547,0.1168
-60.218,29.819,0.474,0.1412
-60.287,30.007,0.505,0.0472
-60.359,30.194,0.548,-0.1224
-60.425,30.382,0.438,-0.1637
-60.481,30.574,0.537,-0.0345
-60.538,30.766,0.487,0.0617
-60.598,30.957,0.522,0.109
-60.661,31.147,0.487,0.1186
-60.731,31.334,0.426,-0.0015
-60.801,31.521,0.544,-0.1198
-60.865,31.711,0.397,-0.111
-60.924,31.902,0.577,-0.0482
-60.981,32.094,0.462,0.0472
-61.039,32.285,0.535,0.1463
-61.104,32.474,0.416,0.1148
-61.176,32.661,0.585,-0.0306
-61.245,32.848,0.428,-0.131
-61.309,33.038,0.572,-0.1124
-61.366,33.229,0.528,0.1823
-61.424,33.421,0.489,0.2895
-61.515,33.599,0.587,-0.137
-61.583,33.787,0.395,-0.2825
-61.643,33.978,0.548,-0.116
-61.699,34.169,0.472,-0.0595
-61.753,34.362,0.498,-0.011
-61.806,34.555,0.528,0.0679
-61.862,34.747,0.396,0.1391
-61.924,34.937,0.605,0.1419
-61.992,35.125,0.417,0.0568
-62.063,35.312,0.555,-0.1001
-62.131,35.5,0.482,-0.1591
-62.187,35.692,0.59,-0.047
-62.245,35.883,0.38,0.0471
-62.304,36.075,0.574,0.0995
-62.367,36.264,0.39,0.1173
-62.436,36.452,0.576,0.009
-62.506,36.639,0.523,-0.1043
-62.569,36.829,0.454,-0.0968
-62.63,37.02,0.525,-0.0511
-62.688,37.211,0.533,0.0233
-62.746,37.402,0.413,0.1257
-62.81,37.592,0.533,0.1282
-62.881,37.779,0.485,-0.0246
-62.951,37.966,0.413,-0.1495
-63.012,38.157,0.542,-0.0991
-63.07,38.348,0.492,-0.0125
-63.128,38.539,0.433,0.0599
-63.187,38.73,0.566,0.1327
-63.253,38.919,0.505,0.0742
-63.324,39.106,0.447,-0.0555
-63.39,39.295,0.49,-0.0861
-63.453,39.485,0.548,-0.0816
-63.513,39.675,0.48,-0.048
-63.569,39.867,0.552,0.0834
-63.63,40.058,0.398,0.1535
-63.698,40.246,0.648,0.0548
-63.769,40.433,0.37,-0.0889
-63.836,40.622,0.652,-0.1298
-63.895,40.812,0.359,-0.0702
-63.953,41.004,0.614,0.0174
-64.01,41.195,0.382,0.1047
-64.073,41.385,0.543,0.1093
-64.142,41.573,0.392,0.0111
-64.21,41.761,0.548,-0.0546
-64.275,41.95,0.391,-0.0829
-64.339,42.14,0.547,-0.0955
-64.395,42.332,0.384,0.0099
-64.453,42.523,0.56,0.1287
-64.517,42.713,0.383,0.1281
-64.587,42.9,0.555,0.0182
-64.658,43.087,0.376,-0.1248
-64.723,43.276,0.573,-0.1514
-64.78,43.468,0.378,-0.0528
-64.836,43.66,0.546,0.0192
-64.895,43.851,0.394,-0.0838
-64.953,44.042,0.546,-0.4432
-64.996,44.237,0.418,-0.3929
-64.999,44.437,0.477,0.1618
-65.036,44.633,0.503,0.0236
-65.071,44.829,0.479,-0.5788
-65.079,45.028,0.417,-0.7485
-65.051,45.226,0.555,-0.4629
-65.004,45.42,0.378,-0.0973
-64.958,45.615,0.57,-0.0416
-64.914,45.81,0.378,-0.3821
-64.858,46.001,0.539,-0.9844
-64.767,46.176,0.426,-0.8123
-64.623,46.314,0.461,-0.0272
-64.511,46.48,0.5,-0.2178
-64.38,46.629,0.401,-0.7044
-64.23,46.76,0.568,-0.9728
-64.061,46.864,0.403,-0.9462
-63.866,46.911,0.496,-0.2879
-63.675,46.968,0.527,0.0143
-63.482,47.02,0.486,-0.1273
-63.289,47.074,0.419,-0.8014
-63.098,47.108,0.478,-1.3531
-62.906,47.052,0.549,-0.5123
-62.714,46.995,0.417,0.1015
-62.521,46.945,0.491,0.0128
-62.326,46.899,0.563,-0.3637
-62.136,46.84,0.437,-0.6552
-61.959,46.748,0.505,-0.4812
-61.791,46.639,0.525,-0.2272
-61.625,46.528,0.513,-0.2337
-61.466,46.407,0.413,-0.2263
-61.313,46.278,0.539,0.0901
-61.162,46.147,0.384,0.0989
-60.993,46.04,0.558,-0.2327
-60.851,45.9,0.501,0.0705
-60.697,45.774,0.594,0.3517
-60.531,45.662,0.593,-0.1277
-60.366,45.551,0.479,-0.347
-60.226,45.408,0.515,0.1676
-60.068,45.285,0.517,0.2988
-59.902,45.174,0.422,-0.1904
-59.741,45.057,0.493,-0.2244
-59.599,44.917,0.527,0.066
-59.436,44.801,0.475,-0.0292
-59.287,44.667,0.542,0.0071
-59.134,44.54,0.399,-0.0599
-58.976,44.419,0.615,-0.3081
-58.838,44.274,0.408,-0.1134
-58.696,44.133,0.508,0.0329
-58.554,43.992,0.56,-0.0148
-58.412,43.851,0.389,-0.0129
-58.271,43.709,0.557,-0.0018
-58.13,43.567,0.376,0.0087
-57.989,43.426,0.552,0.0007
-57.847,43.285,0.385,-0.2061
-57.706,43.143,0.574,-0.2583
-57.589,42.981,0.469,0.0241
-57.455,42.833,0.545,-0.0146
-57.328,42.679,0.4,-0.014
-57.205,42.521,0.603,0.222
-57.068,42.376,0.383,0.0204
-56.928,42.233,0.569,-0.2359
-56.807,42.075,0.39,0.0123
-56.681,41.92,0.553,0.0305
-56.544,41.776,0.385,-0.2485
-56.43,41.611,0.572,-0.0049
-56.31,41.45,0.464,0.225
-56.178,41.301,0.53,-0.0996
-56.05,41.148,0.412,-0.3268
-55.94,40.981,0.588,-0.0993
-55.83,40.814,0.435,0.0718
-55.714,40.651,0.52,-0.0052
-55.601,40.487,0.528,-0.0471
-55.489,40.321,0.407,-0.0349
-55.378,40.155,0.558,-0.0115
-55.268,39.987,0.415,-0.1032
-55.156,39.822,0.507,-0.2214
-55.062,39.646,0.596,-0.0447
-54.965,39.471,0.384,0.029
-54.862,39.3,0.618,-0.0625
-54.77,39.122,0.381,0.0371
-54.67,38.949,0.619,0.0222
-54.569,38.776,0.371,-0.0577
-54.475,38.6,0.574,0.0758
-54.377,38.426,0.458,0.0148
-54.27,38.257,0.532,-0.0959
-54.183,38.077,0.396,0.053
-54.078,37.907,0.613,-0.0152
-53.981,37.732,0.371,-0.0831
-53.888,37.555,0.625,0.1311
-53.791,37.381,0.398,0.0492
-53.681,37.214,0.559,-0.1129
-53.594,37.034,0.462,0.038
-53.488,36.864,0.544,-0.0482
-53.392,36.689,0.419,-0.1268
-53.303,36.511,0.49,0.1563
-53.208,36.335,0.549,0.1164
-53.095,36.169,0.436,-0.2391
-53.007,35.99,0.483,-0.1065
-52.921,35.809,0.506,0.2234
-52.822,35.637,0.447,0.0784
-52.716,35.467,0.543,-0.1291
-52.625,35.289,0.519,0.0163
-52.529,35.114,0.493,0.0655
-52.426,34.942,0.57,-0.0531
-52.332,34.766,0.389,0.0523
-52.234,34.592,0.553,0.0257
-52.128,34.422,0.413,-0.0854
-52.039,34.243,0.487,0.045
-51.936,34.072,0.558,0.0041
-51.837,33.898,0.391,-0.0718
-51.744,33.721,0.584,0.1013
-51.646,33.547,0.375,0.0223
-51.537,33.38,0.548,-0.2379
-51.452,33.199,0.39,-0.0125
-51.364,33.019,0.545,0.2419
-51.259,32.849,0.392,-0.0053
-51.157,32.678,0.545,-0.2118
-51.067,32.499,0.389,0.045
-50.979,32.32,0.552,0.1878
-50.869,32.153,0.386,-0.0552
-50.775,31.976,0.551,-0.0423
-50.678,31.802,0.387,0.0533
-50.577,31.629,0.553,-0.0554
-50.48,31.454,0.392,0.0043
-50.387,31.277,0.54,0.0695
-50.281,31.108,0.496,-0.0473
-50.187,30.931,0.41,0.0103
-50.089,30.757,0.628,0.0187
-49.985,30.586,0.366,-0.1343
-49.894,30.408,0.616,0.0386
-49.803,30.23,0.375,0.1688
-49.694,30.063,0.584,-0.0492
-49.597,29.889,0.468,-0.0229
-49.501,29.714,0.564,0.0024
-49.394,29.545,0.437,-0.1912
-49.307,29.365,0.566,0.0158
-49.218,29.186,0.384,0.2206
-49.112,29.017,0.569,-0.0504
-49.011,28.844,0.4,-0.2245
-48.923,28.665,0.522,0.072
-48.835,28.485,0.478,0.1933
-48.724,28.319,0.546,-0.0313
-48.633,28.141,0.397,0.0306
-48.53,27.97,0.642,0.0262
-48.426,27.8,0.382,-0.0012
-48.332,27.624,0.589,0.0257
-48.22,27.458,0.412,-0.0871
-48.13,27.279,0.516,0.0181
-48.025,27.109,0.578,-0.0219
-47.926,26.936,0.388,-0.0396
-47.834,26.759,0.57,0.0482
-47.728,26.59,0.507,-0.0649
-47.636,26.412,0.439,-0.0026
-47.538,26.238,0.54,0.1157
-47.437,26.065,0.387,0.1186
-47.332,25.895,0.573,-0.0653
-47.223,25.727,0.376,-0.1163
-47.135,25.548,0.558,0.0394
-47.025,25.381,0.384,-0.0558
-46.933,25.204,0.554,0.0546
-46.835,25.03,0.371,0.209
-46.724,24.864,0.624,-0.1049
-46.615,24.696,0.364,-0.1902
-46.529,24.516,0.648,0.1556
-46.422,24.347,0.384,0.1966
-46.312,24.18,0.555,0.0478
-46.202,24.013,0.429,0.1964
-46.089,23.848,0.565,0.2717
-45.957,23.698,0.384,0.1136
-45.832,23.542,0.568,0.0864
-45.697,23.395,0.476,-0.1021
-45.564,23.246,0.513,-0.1024
-45.451,23.082,0.541,0.3077
-45.31,22.94,0.449,0.2345
-45.167,22.8,0.52,-0.0095
-45.026,22.658,0.544,0.2703
-44.885,22.518,0.496,0.3142
-44.716,22.41,0.442,-0.1301
-44.571,22.273,0.499,0.0148
-44.417,22.146,0.581,0.3134
-44.254,22.03,0.429,0.1744
-44.088,21.92,0.49,0.0072
-43.921,21.809,0.529,-0.0454
-43.757,21.695,0.484,-0.0023
-43.592,21.582,0.539,0.019
-43.426,21.469,0.395,0.0027
-43.261,21.357,0.608,-0.0052
-43.096,21.244,0.406,-0.0038
-42.93,21.132,0.628,0.002
-42.765,21.019,0.36,0.0401
-42.6,20.907,0.605,0.1745
-42.431,20.799,0.369,0.1035
-42.255,20.705,0.564,-0.0442
-42.089,20.593,0.379,0.2382
-41.913,20.498,0.554,0.3732
-41.729,20.421,0.387,0.0417
-41.545,20.344,0.548,0.0124
-41.367,20.255,0.39,0.0833
-41.177,20.192,0.549,-0.0834
-40.999,20.101,0.386,0.1207
-40.813,20.028,0.559,0.2983
-40.623,19.965,0.385,0.1975
-40.432,19.907,0.535,0.1518
-40.238,19.858,0.483,-0.0112
-40.044,19.81,0.514,-0.1138
-39.853,19.75,0.558,0.0416
-39.661,19.696,0.405,0.1941
-39.466,19.649,0.616,0.359
-39.27,19.612,0.388,0.1563
-39.071,19.604,0.526,-0.2445
-38.878,19.552,0.483,0.0376
-38.681,19.521,0.427,0.1702
-38.483,19.498,0.543,-0.2493
-38.286,19.464,0.431,-0.0436
-38.095,19.405,0.551,0.6067
-37.895,19.402,0.476,0.3351
-37.696,19.406,0.595,-0.414
-37.498,19.393,0.386,-0.2824
-37.305,19.342,0.533,0.3948
-37.105,19.34,0.403,0.3221
-36.905,19.339,0.551,0.0067
-36.705,19.339,0.481,-0.1193
-36.506,19.337,0.51,-0.3154
-36.306,19.318,0.538,0.0676
-36.109,19.285,0.423,0.7125
-35.916,19.31,0.529,0.2386
-35.721,19.341,0.476,-0.3876
-35.521,19.339,0.54,-0.0483
-35.321,19.338,0.393,0.329
-35.122,19.361,0.545,0.127
-34.924,19.387,0.399,-0.2178
-34.725,19.403,0.526,0.0895
-34.525,19.401,0.403,0.3477
-34.334,19.459,0.534,-0.1438
-34.136,19.469,0.386,0.0776
-33.94,19.493,0.539,0.449
-33.748,19.548,0.392,0.1535
-33.554,19.597,0.571,0.0563
-33.362,19.653,0.41,0.0015
-33.17,19.709,0.483,-0.1027
-32.976,19.758,0.551,0.0338
-32.782,19.806,0.417,0.2496
-32.592,19.867,0.545,0.3317
-32.406,19.941,0.491,0.108
-32.225,20.027,0.415,-0.1755
-32.037,20.092,0.543,0.0186
-31.85,20.161,0.391,0.2562
-31.668,20.245,0.536,0.1724
-31.488,20.332,0.478,0.0601
-31.311,20.424,0.438,-0.0242
-31.131,20.513,0.573,0.0316
-30.951,20.6,0.371,0.2438
-30.777,20.697,0.584,0.2364
-30.611,20.809,0.38,0.0615
-30.442,20.915,0.552,0.0488
-30.276,21.027,0.422,0.0449
-30.11,21.139,0.489,-0.0033
-29.944,21.251,0.527,-0.0038
-29.779,21.362,0.403,0.0492
-29.613,21.474,0.543,0.0376
-29.451,21.592,0.478,0.0721
-29.284,21.702,0.42,0.3008
-29.132,21.83,0.528,0.1174
-28.987,21.967,0.503,-0.0951
-28.825,22.083,0.422,0.1992
-28.679,22.221,0.605,0.2333
-28.537,22.361,0.383,0.0422
-28.396,22.503,0.585,0.0025
-28.254,22.644,0.471,0.196
-28.113,22.785,0.551,0.3038
-27.995,22.947,0.405,-0.0532
-27.867,23.098,0.601,-0.0172
-27.73,23.244,0.407,0.3379
-27.619,23.409,0.503,0.1906
-27.507,23.575,0.545,-0.011
-27.394,23.74,0.404,-0.0052
-27.281,23.905,0.538,0.0114
-27.169,24.071,0.518,0.1194
-27.057,24.237,0.438,0.2506
-26.96,24.411,0.594,0.0965
-26.868,24.589,0.491,-0.1162
-26.764,24.76,0.523,0.0547
-26.662,24.931,0.551,0.211
-26.576,25.112,0.459,0.0535
-26.486,25.29,0.506,-0.0204
-26.395,25.469,0.539,0.026
-26.307,25.648,0.39,0.0655
-26.219,25.827,0.558,0.2003
-26.138,26.01,0.382,0.0565
-26.071,26.198,0.548,-0.2538
-25.977,26.374,0.379,-0.0509
-25.887,26.553,0.664,0.1847
-25.808,26.737,0.424,0.0395
-25.729,26.92,0.522,-0.1007
-25.645,27.102,0.516,-0.1217
-25.557,27.281,0.501,0.0676
-25.464,27.458,0.414,0.2086
-25.395,27.646,0.603,-0.0584
-25.314,27.828,0.384,-0.174
-25.224,28.007,0.615,0.0127
-25.138,28.187,0.425,0.1257
-25.055,28.369,0.494,0.0536
-24.98,28.555,0.49,-0.126
-24.894,28.735,0.452,-0.0971
-24.804,28.914,0.802,0.082
-24.719,29.095,0.803,0.0288
-24.64,29.278,0.803,-0.1445
-24.548,29.456,0.803,-0.1906
