# Steering Calibration Results
# Generated: 2025-09-26 23:13:44
steering_gain: 1.081435
steering_offset: 0.003486
r_squared: 0.6629
rmse_degrees: 6.242
